Hour,0,1,2,3,4,5,6,7,8,9
0.019444444444444445,0.703329237407667,0.18323794361649798,0.614598253962988,0.4158281653244274,0.5141367651923004,0.2212206890751945,0.7278310721512584,0.8516930128256519,0.44481459886185104,0.7365045556947452
0.03611111111111111,0.7055873019237959,0.185496008132627,0.6302792575472174,0.41639268145345965,0.5147012813213327,0.22178520520422673,0.7300891366673874,0.8539510773417809,0.4470726633779801,0.7370690718237775
0.05277777777777778,0.7078453664399249,0.18775407264875604,0.6459602611314468,0.4169571975824919,0.515265797450365,0.22234972133325898,0.7323472011835164,0.8562091418579099,0.4493307278941091,0.7376335879528098
0.06944444444444445,0.7101034309560539,0.19001213716488508,0.6616412647156762,0.41752171371152413,0.5158303135793973,0.22291423746229122,0.7346052656996453,0.8584672063740388,0.45158879241023814,0.738198104081842
0.08611111111111111,0.7123614954721829,0.1922702016810141,0.6773222682999056,0.4180862298405564,0.5163948297084296,0.22347875359132346,0.7368633302157743,0.8607252708901678,0.45384685692636717,0.7387626202108744
0.10277777777777777,0.7146195599883118,0.19452826619714314,0.693003271884135,0.4186507459695886,0.516959345837462,0.2240432697203557,0.7391213947319033,0.8629833354062968,0.4561049214424962,0.7393271363399067
0.11944444444444445,0.7168776245044408,0.19678633071327217,0.7086842754683644,0.41921526209862087,0.5175238619664942,0.22460778584938795,0.7413794592480323,0.8652413999224258,0.45836298595862524,0.739891652468939
0.1361111111111111,0.7191356890205698,0.1990443952294012,0.7243652790525938,0.4197797782276531,0.5180883780955265,0.2251723019784202,0.7436375237641613,0.8674994644385547,0.46062105047475427,0.7404561685979713
0.1527777777777778,0.7213937535366988,0.20130245974553024,0.7400462826368233,0.42034429435668536,0.5186528942245588,0.22573681810745244,0.7458955882802902,0.8697575289546837,0.4628791149908833,0.7410206847270036
0.16944444444444445,0.7236518180528277,0.20356052426165927,0.7557272862210527,0.4209088104857176,0.5192174103535911,0.22630133423648469,0.7481536527964192,0.8720155934708127,0.46513717950701233,0.7415852008560359
0.18611111111111112,0.7259098825689567,0.2058185887777883,0.7714082898052821,0.42147332661474984,0.5197819264826234,0.22686585036551693,0.7504117173125482,0.8742736579869417,0.46739524402314137,0.7421497169850682
0.20277777777777778,0.7281679470850857,0.20807665329391734,0.7870892933895115,0.4220378427437821,0.5203464426116557,0.22743036649454917,0.7526697818286772,0.8765317225030707,0.4696533085392704,0.7427142331141005
0.21944444444444444,0.7304260116012147,0.21033471781004637,0.8027702969737409,0.42260235887281433,0.520910958740688,0.22799488262358142,0.7549278463448061,0.8787897870191996,0.47191137305539943,0.7432787492431328
0.2361111111111111,0.7326840761173437,0.2125927823261754,0.8184513005579703,0.4231668750018466,0.5214754748697203,0.22855939875261366,0.7571859108609351,0.8810478515353286,0.47416943757152846,0.743843265372165
0.25277777777777777,0.7349421406334726,0.21485084684230443,0.8341323041421997,0.4237313911308788,0.5220399909987526,0.2291239148816459,0.7594439753770641,0.8833059160514576,0.4764275020876575,0.7444077815011974
0.26944444444444443,0.7372002051496016,0.21710891135843347,0.8498133077264292,0.42429590725991106,0.522604507127785,0.22968843101067815,0.7617020398931931,0.8855639805675866,0.4786855666037865,0.7449722976302297
0.2861111111111111,0.7394582696657306,0.2193669758745625,0.8654943113106586,0.4248604233889433,0.5231690232568172,0.2302529471397104,0.763960104409322,0.8878220450837155,0.48094363111991556,0.745536813759262
0.30277777777777776,0.7417163341818596,0.22162504039069153,0.881175314894888,0.42542493951797555,0.5237335393858495,0.23081746326874264,0.766218168925451,0.8900801095998445,0.4832016956360446,0.7461013298882943
0.3194444444444444,0.7439743986979885,0.22388310490682056,0.8968563184791174,0.4259894556470078,0.5242980555148818,0.23138197939777488,0.76847623344158,0.8923381741159735,0.4854597601521736,0.7466658460173266
0.33611111111111114,0.7462324632141175,0.2261411694229496,0.9125373220633468,0.42655397177604004,0.5248625716439141,0.23194649552680713,0.770734297957709,0.8945962386321025,0.48771782466830266,0.7472303621463589
0.3527777777777778,0.7484905277302465,0.22839923393907863,0.30246241310426136,0.4271184879050723,0.5254270877729464,0.23251101165583937,0.772992362473838,0.8968543031482314,0.4899758891844317,0.7477948782753912
0.36944444444444446,0.7507485922463755,0.23065729845520766,0.3047204776203904,0.42768300403410453,0.5259916039019787,0.23307552778487162,0.7752504269899669,0.8991123676643604,0.4922339537005607,0.7483593944044235
0.3861111111111111,0.7530066567625044,0.2329153629713367,0.30697854213651943,0.4282475201631368,0.526556120031011,0.23364004391390386,0.7775084915060959,0.9013704321804894,0.49449201821668975,0.7489239105334558
0.4027777777777778,0.7552647212786334,0.23517342748746572,0.30923660665264846,0.428812036292169,0.5271206361600433,0.2342045600429361,0.7797665560222249,0.4781785702606612,0.4967500827328188,0.749488426662488
0.41944444444444445,0.7575227857947624,0.23743149200359476,0.3114946711687775,0.42937655242120126,0.5276851522890756,0.23476907617196835,0.7820246205383539,0.4804366347767902,0.4990081472489478,0.7500529427915203
0.4361111111111111,0.7597808503108914,0.2396895565197238,0.3137527356849065,0.4299410685502335,0.5282496684181079,0.2353335923010006,0.7842826850544828,0.48269469929291925,0.5012662117650768,0.7506174589205526
0.4527777777777778,0.7620389148270204,0.24194762103585282,0.31601080020103556,0.43050558467926575,0.5288141845471402,0.23589810843003284,0.7865407495706118,0.4849527638090483,0.5035242762812058,0.751181975049585
0.46944444444444444,0.7642969793431493,0.24420568555198185,0.3182688647171646,0.431070100808298,0.5293787006761725,0.23646262455906508,0.7887988140867408,0.4872108283251773,0.5057823407973348,0.7517464911786172
0.4861111111111111,0.7665550438592783,0.2464637500681109,0.3205269292332936,0.43163461693733024,0.5299432168052048,0.23702714068809733,0.7910568786028698,0.48946889284130635,0.5080404053134637,0.7523110073076495
0.5027777777777778,0.7688131083754073,0.24872181458423992,0.32278499374942266,0.4321991330663625,0.5305077329342371,0.23759165681712957,0.7933149431189987,0.4917269573574354,0.5102984698295927,0.7528755234366818
0.5194444444444445,0.7710711728915363,0.25097987910036895,0.3250430582655517,0.43276364919539473,0.5310722490632694,0.23815617294616181,0.7955730076351277,0.4939850218735644,0.5125565343457217,0.7534400395657141
0.5361111111111111,0.7733292374076652,0.253237943616498,0.3273011227816807,0.433328165324427,0.5316367651923017,0.23872068907519406,0.7978310721512567,0.49624308638969344,0.5148145988618507,0.7540045556947464
0.5527777777777778,0.7755873019237942,0.255496008132627,0.32955918729780975,0.4338926814534592,0.532201281321334,0.2392852052042263,0.8000891366673857,0.4985011509058225,0.5170726633779796,0.7545690718237787
0.5694444444444444,0.7778453664399232,0.25775407264875605,0.3318172518139388,0.43445719758249146,0.5327657974503663,0.23984972133325855,0.8023472011835147,0.5007592154219516,0.5193307278941086,0.755133587952811
0.5861111111111111,0.7801034309560522,0.2600121371648851,0.3340753163300678,0.4350217137115237,0.5333303135793986,0.2404142374622908,0.8046052656996436,0.5030172799380805,0.5215887924102376,0.7556981040818433
0.6027777777777777,0.7823614954721811,0.2622702016810141,0.33633338084619685,0.43558622984055595,0.5338948297084309,0.24097875359132304,0.8068633302157726,0.5052753444542095,0.5238468569263666,0.7562626202108756
0.6194444444444445,0.7846195599883101,0.26452826619714315,0.3385914453623259,0.4361507459695882,0.5344593458374632,0.24154326972035528,0.8091213947319016,0.5075334089703385,0.5261049214424955,0.756827136339908
0.6361111111111111,0.7868776245044391,0.2667863307132722,0.3408495098784549,0.43671526209862044,0.5350238619664955,0.24210778584938752,0.8113794592480306,0.5097914734864675,0.5283629859586245,0.7573916524689402
0.6527777777777778,0.7891356890205681,0.2690443952294012,0.34310757439458395,0.4372797782276527,0.5355883780955278,0.24267230197841977,0.8136375237641595,0.5120495380025964,0.5306210504747535,0.7579561685979725
0.6694444444444444,0.791393753536697,0.27130245974553024,0.345365638910713,0.4378442943566849,0.5361528942245601,0.243236818107452,0.8158955882802885,0.5143076025187254,0.5328791149908825,0.7585206847270048
0.6861111111111111,0.793651818052826,0.2735605242616593,0.347623703426842,0.43840881048571717,0.5367174103535924,0.24380133423648426,0.8181536527964175,0.5165656670348544,0.5351371795070115,0.7590852008560371
0.7027777777777777,0.795909882568955,0.2758185887777883,0.34988176794297104,0.4389733266147494,0.5372819264826247,0.2443658503655165,0.8204117173125465,0.5188237315509834,0.5373952440231404,0.7596497169850694
0.7194444444444444,0.798167947085084,0.27807665329391734,0.3521398324591001,0.43953784274378166,0.537846442611657,0.24493036649454875,0.8226697818286755,0.5210817960671124,0.5396533085392694,0.7602142331141017
0.7361111111111112,0.800426011601213,0.2803347178100464,0.3543978969752291,0.4401023588728139,0.5384109587406893,0.245494882623581,0.8249278463448044,0.5233398605832413,0.5419113730553984,0.760778749243134
0.7527777777777778,0.8026840761173419,0.2825927823261754,0.35665596149135814,0.44066687500184615,0.5389754748697216,0.24605939875261323,0.8271859108609334,0.5255979250993703,0.5441694375715274,0.7613432653721663
0.7694444444444445,0.8049421406334709,0.28485084684230444,0.3589140260074872,0.4412313911308784,0.5395399909987539,0.24662391488164548,0.8294439753770624,0.5278559896154993,0.5464275020876563,0.7619077815011986
0.7861111111111111,0.8072002051495999,0.28710891135843347,0.3611720905236162,0.44179590725991064,0.5401045071277862,0.24718843101067772,0.8317020398931914,0.5301140541316283,0.5486855666037853,0.7624722976302309
0.8027777777777778,0.8094582696657289,0.2893669758745625,0.36343015503974524,0.4423604233889429,0.5406690232568185,0.24775294713970997,0.8339601044093203,0.5323721186477572,0.5509436311199143,0.7630368137592632
0.8194444444444444,0.8117163341818578,0.29162504039069154,0.36568821955587427,0.4429249395179751,0.5412335393858508,0.2483174632687422,0.8362181689254493,0.5346301831638862,0.5532016956360433,0.7636013298882955
0.8361111111111111,0.8139743986979868,0.29388310490682057,0.3679462840720033,0.44348945564700737,0.5417980555148831,0.24888197939777446,0.8384762334415783,0.5368882476800152,0.5554597601521722,0.7641658460173278
0.8527777777777777,0.8162324632141158,0.2961411694229496,0.37020434858813234,0.4440539717760396,0.5423625716439154,0.2494464955268067,0.8407342979577073,0.5391463121961442,0.5577178246683012,0.7647303621463601
0.8694444444444445,0.8184905277302448,0.29839923393907863,0.37246241310426137,0.44461848790507186,0.5429270877729477,0.25001101165583894,0.8429923624738362,0.5414043767122731,0.5599758891844302,0.7652948782753924
0.8861111111111111,0.8207485922463738,0.30065729845520767,0.3747204776203904,0.4451830040341041,0.54349160390198,0.2505755277848712,0.8452504269899652,0.5436624412284021,0.5622339537005592,0.7658593944044247
0.9027777777777778,0.8230066567625027,0.3029153629713367,0.37697854213651943,0.44574752016313635,0.5440561200310123,0.25114004391390343,0.8475084915060942,0.5459205057445311,0.5644920182166882,0.766423910533457
0.9194444444444444,0.8252647212786317,0.30517342748746573,0.37923660665264847,0.4463120362921686,0.5446206361600446,0.2517045600429357,0.8497665560222232,0.5481785702606601,0.5667500827328171,0.7669884266624893
0.9361111111111111,0.8275227857947607,0.30743149200359476,0.3814946711687775,0.44687655242120083,0.5451851522890769,0.2522690761719679,0.8520246205383522,0.5504366347767891,0.5690081472489461,0.7675529427915216
0.9527777777777777,0.8297808503108897,0.3096895565197238,0.38375273568490653,0.4474410685502331,0.5457496684181092,0.25283359230100017,0.8542826850544811,0.552694699292918,0.5712662117650751,0.7681174589205539
0.9694444444444444,0.8320389148270186,0.31194762103585283,0.38601080020103556,0.4480055846792653,0.5463141845471415,0.2533981084300324,0.8565407495706101,0.554952763809047,0.5735242762812041,0.7686819750495862
0.9861111111111112,0.8342969793431476,0.31420568555198186,0.3882688647171646,0.44857010080829757,0.5468787006761738,0.25396262455906465,0.8587988140867391,0.557210828325176,0.575782340797333,0.7692464911786185
1.0027777777777778,0.8365550438592766,0.3164637500681109,0.39052692923329363,0.4491346169373298,0.5474432168052061,0.2545271406880969,0.8610568786028681,0.559468892841305,0.578040405313462,0.7698110073076508
1.0194444444444444,0.8388131083754056,0.3187218145842399,0.39278499374942266,0.44969913306636206,0.5480077329342384,0.25509165681712914,0.863314943118997,0.5617269573574339,0.580298469829591,0.7703755234366831
1.0361111111111112,0.8410711728915345,0.32097987910036896,0.3950430582655517,0.4502636491953943,0.5485722490632707,0.2556561729461614,0.865573007635126,0.5639850218735629,0.58255653434572,0.7709400395657154
1.0527777777777778,0.8433292374076635,0.323237943616498,0.3973011227816807,0.45082816532442654,0.549136765192303,0.25622068907519363,0.867831072151255,0.5662430863896919,0.5848145988618489,0.7715045556947477
1.0694444444444444,0.8455873019237925,0.325496008132627,0.39955918729780976,0.4513926814534588,0.5497012813213353,0.2567852052042259,0.870089136667384,0.5685011509058209,0.5870726633779779,0.77206907182378
1.086111111111111,0.8478453664399215,0.32775407264875606,0.4018172518139388,0.45195719758249103,0.5502657974503676,0.2573497213332581,0.8723472011835129,0.5707592154219499,0.5893307278941069,0.7726335879528123
1.1027777777777779,0.8501034309560505,0.3300121371648851,0.4040753163300678,0.4525217137115233,0.5508303135793999,0.25791423746229036,0.8746052656996419,0.5730172799380788,0.5915887924102359,0.7731981040818446
1.1194444444444445,0.8523614954721794,0.3322702016810141,0.40633338084619686,0.4530862298405555,0.5513948297084322,0.2584787535913226,0.8768633302157709,0.5752753444542078,0.5938468569263649,0.7737626202108769
1.136111111111111,0.8546195599883084,0.33452826619714315,0.4085914453623259,0.45365074596958777,0.5519593458374645,0.25904326972035485,0.8791213947318999,0.5775334089703368,0.5961049214424938,0.7743271363399092
1.1527777777777777,0.8568776245044374,0.3367863307132722,0.4108495098784549,0.45421526209862,0.5525238619664968,0.2596077858493871,0.8813794592480289,0.5797914734864658,0.5983629859586228,0.7748916524689415
1.1694444444444445,0.8591356890205664,0.3390443952294012,0.41310757439458395,0.45477977822765225,0.5530883780955291,0.26017230197841934,0.8836375237641578,0.5820495380025947,0.6006210504747518,0.7754561685979738
1.1861111111111111,0.8613937535366953,0.34130245974553025,0.415365638910713,0.4553442943566845,0.5536528942245614,0.2607368181074516,0.8858955882802868,0.5843076025187237,0.6028791149908808,0.7760206847270061
1.2027777777777777,0.8636518180528243,0.3435605242616593,0.417623703426842,0.45590881048571674,0.5542174103535937,0.26130133423648383,0.8881536527964158,0.5865656670348527,0.6051371795070097,0.7765852008560384
1.2194444444444446,0.8659098825689533,0.3458185887777883,0.41988176794297105,0.456473326614749,0.554781926482626,0.2618658503655161,0.8904117173125448,0.5888237315509817,0.6073952440231387,0.7771497169850707
1.2361111111111112,0.8681679470850823,0.34807665329391735,0.4221398324591001,0.45703784274378123,0.5553464426116583,0.2624303664945483,0.8926697818286737,0.5910817960671106,0.6096533085392677,0.777714233114103
1.2527777777777778,0.8704260116012112,0.3503347178100464,0.4243978969752291,0.4576023588728135,0.5559109587406906,0.26299488262358056,0.8949278463448027,0.5933398605832396,0.6119113730553967,0.7782787492431353
1.2694444444444444,0.8726840761173402,0.3525927823261754,0.42665596149135815,0.4581668750018457,0.5564754748697229,0.2635593987526128,0.8971859108609317,0.5955979250993686,0.6141694375715256,0.7788432653721676
1.2861111111111112,0.8749421406334692,0.35485084684230445,0.4289140260074872,0.45873139113087796,0.5570399909987552,0.26412391488164505,0.8994439753770607,0.5978559896154976,0.6164275020876546,0.7794077815011999
1.3027777777777778,0.8772002051495982,0.3571089113584335,0.4311720905236162,0.4592959072599102,0.5576045071277875,0.2646884310106773,0.9017020398931896,0.6001140541316266,0.6186855666037836,0.7799722976302322
1.3194444444444444,0.8794582696657272,0.3593669758745625,0.43343015503974525,0.45986042338894245,0.5581690232568198,0.26525294713970954,0.2316115646238996,0.6023721186477555,0.6209436311199126,0.7805368137592645
1.336111111111111,0.8817163341818561,0.36162504039069154,0.4356882195558743,0.4604249395179747,0.5587335393858521,0.2658174632687418,0.23217608075293183,0.6046301831638845,0.6232016956360416,0.7811013298882968
1.3527777777777779,0.8839743986979851,0.3638831049068206,0.4379462840720033,0.46098945564700694,0.5592980555148844,0.266381979397774,0.23274059688196408,0.6068882476800135,0.6254597601521705,0.7816658460173291
1.3694444444444445,0.8862324632141141,0.3661411694229496,0.44020434858813234,0.4615539717760392,0.5598625716439167,0.26694649552680627,0.23330511301099632,0.6091463121961425,0.6277178246682995,0.7822303621463614
1.386111111111111,0.8884905277302431,0.36839923393907864,0.4424624131042614,0.46211848790507143,0.560427087772949,0.2675110116558385,0.23386962914002857,0.6114043767122714,0.6299758891844285,0.7827948782753937
1.4027777777777777,0.890748592246372,0.3706572984552077,0.4447204776203904,0.4626830040341037,0.5609916039019813,0.26807552778487076,0.2344341452690608,0.6136624412284004,0.6322339537005575,0.783359394404426
1.4194444444444445,0.893006656762501,0.3729153629713367,0.44697854213651944,0.4632475201631359,0.5615561200310136,0.268640043913903,0.23499866139809306,0.6159205057445294,0.6344920182166864,0.7839239105334583
1.4361111111111111,0.89526472127863,0.37517342748746574,0.4492366066526485,0.46381203629216816,0.5621206361600459,0.26920456004293525,0.2355631775271253,0.6181785702606584,0.6367500827328154,0.7844884266624906
1.4527777777777777,0.897522785794759,0.37743149200359477,0.4514946711687775,0.4643765524212004,0.5626851522890782,0.2697690761719675,0.23612769365615754,0.6204366347767873,0.6390081472489444,0.7850529427915229
1.4694444444444446,0.899780850310888,0.3796895565197238,0.45375273568490654,0.46494106855023265,0.5632496684181105,0.27033359230099974,0.2366922097851898,0.6226946992929163,0.6412662117650734,0.7856174589205552
1.4861111111111112,0.9020389148270169,0.38194762103585284,0.45601080020103557,0.4655055846792649,0.5638141845471428,0.270898108430032,0.23725672591422203,0.6249527638090453,0.6435242762812023,0.7861819750495875
1.5027777777777778,0.132118383364571,0.38420568555198187,0.4582688647171646,0.46607010080829714,0.5643787006761751,0.2714626245590642,0.23782124204325428,0.6272108283251743,0.6457823407973313,0.7867464911786198
1.5194444444444444,0.13268289949360323,0.3864637500681109,0.46052692923329364,0.4666346169373294,0.5649432168052074,0.27202714068809647,0.23838575817228652,0.6294688928413033,0.6480404053134603,0.7873110073076521
1.5361111111111112,0.13324741562263548,0.38872181458423993,0.46278499374942267,0.4671991330663616,0.5655077329342397,0.2725916568171287,0.23895027430131877,0.6317269573574322,0.6502984698295893,0.7878755234366844
1.5527777777777778,0.13381193175166772,0.39097987910036897,0.4650430582655517,0.46776364919539387,0.566072249063272,0.27315617294616096,0.239514790430351,0.6339850218735612,0.6525565343457183,0.7884400395657167
1.5694444444444444,0.13437644788069997,0.393237943616498,0.46730112278168073,0.4683281653244261,0.5666367651923043,0.2737206890751932,0.24007930655938325,0.6362430863896902,0.6548145988618472,0.789004555694749
1.586111111111111,0.1349409640097322,0.39549600813262703,0.46955918729780977,0.46889268145345836,0.5672012813213366,0.27428520520422545,0.2406438226884155,0.6385011509058192,0.6570726633779762,0.7895690718237813
1.6027777777777779,0.13550548013876446,0.39775407264875606,0.4718172518139388,0.4694571975824906,0.5677657974503689,0.2748497213332577,0.24120833881744774,0.6407592154219481,0.6593307278941052,0.7901335879528136
1.6194444444444445,0.1360699962677967,0.4000121371648851,0.47407531633006783,0.47002171371152285,0.5683303135794012,0.27541423746228993,0.24177285494648,0.6430172799380771,0.6615887924102342,0.7906981040818459
1.636111111111111,0.13663451239682894,0.40227020168101413,0.47633338084619686,0.4705862298405551,0.5688948297084335,0.2759787535913222,0.24233737107551223,0.6452753444542061,0.6638468569263631,0.7912626202108782
1.6527777777777777,0.1371990285258612,0.40452826619714316,0.4785914453623259,0.47115074596958734,0.5694593458374658,0.2765432697203544,0.24290188720454448,0.6475334089703351,0.6661049214424921,0.7918271363399105
1.6694444444444445,0.13776354465489343,0.4067863307132722,0.48084950987845493,0.4717152620986196,0.5700238619664981,0.27710778584938667,0.24346640333357672,0.649791473486464,0.6683629859586211,0.7923916524689428
1.6861111111111111,0.13832806078392568,0.4090443952294012,0.48310757439458396,0.4722797782276518,0.5705883780955304,0.2776723019784189,0.24403091946260896,0.652049538002593,0.6706210504747501,0.7929561685979751
1.7027777777777777,0.13889257691295792,0.41130245974553026,0.485365638910713,0.47284429435668407,0.5711528942245627,0.27823681810745116,0.2445954355916412,0.654307602518722,0.672879114990879,0.7935206847270074
1.7194444444444446,0.13945709304199017,0.4135605242616593,0.487623703426842,0.4734088104857163,0.571717410353595,0.2788013342364834,0.24515995172067345,0.656565667034851,0.675137179507008,0.7940852008560397
1.7361111111111112,0.1400216091710224,0.4158185887777883,0.48988176794297106,0.47397332661474856,0.5722819264826273,0.27936585036551564,0.2457244678497057,0.65882373155098,0.677395244023137,0.794649716985072
1.7527777777777778,0.14058612530005465,0.41807665329391736,0.4921398324591001,0.4745378427437808,0.5728464426116596,0.2799303664945479,0.24628898397873794,0.6610817960671089,0.679653308539266,0.7952142331141043
1.7694444444444444,0.1411506414290869,0.4203347178100464,0.4943978969752291,0.47510235887281305,0.5734109587406919,0.28049488262358013,0.24685350010777019,0.6633398605832379,0.681911373055395,0.7957787492431366
1.7861111111111112,0.14171515755811914,0.4225927823261754,0.49665596149135816,0.4756668750018453,0.5739754748697242,0.2810593987526124,0.24741801623680243,0.6655979250993669,0.6841694375715239,0.7963432653721689
1.8027777777777778,0.1422796736871514,0.42485084684230445,0.4989140260074872,0.47623139113087753,0.5745399909987565,0.2816239148816446,0.24798253236583467,0.6678559896154959,0.6864275020876529,0.7969077815012012
1.8194444444444444,0.14284418981618363,0.4271089113584335,0.5011720905236162,0.4767959072599098,0.5751045071277888,0.28218843101067687,0.24854704849486692,0.6701140541316248,0.6886855666037819,0.7974722976302335
1.836111111111111,0.14340870594521588,0.4293669758745625,0.5034301550397453,0.477360423388942,0.5756690232568211,0.2827529471397091,0.24911156462389916,0.6723721186477538,0.6909436311199109,0.7980368137592658
1.8527777777777779,0.14397322207424812,0.43162504039069155,0.5056882195558743,0.47792493951797427,0.5762335393858534,0.28331746326874135,0.2496760807529314,0.6746301831638828,0.6932016956360398,0.7986013298882981
1.8694444444444445,0.14453773820328036,0.4338831049068206,0.5079462840720033,0.4784894556470065,0.5767980555148857,0.2838819793977736,0.25024059688196365,0.6768882476800118,0.6954597601521688,0.7991658460173304
1.886111111111111,0.1451022543323126,0.4361411694229496,0.5102043485881322,0.47905397177603876,0.577362571643918,0.28444649552680584,0.2508051130109959,0.6791463121961407,0.6977178246682978,0.7997303621463627
1.9027777777777777,0.14566677046134485,0.43839923393907865,0.5124624131042612,0.479618487905071,0.5779270877729503,0.2850110116558381,0.25136962914002814,0.6814043767122697,0.6999758891844268,0.800294878275395
1.9194444444444445,0.1462312865903771,0.4406572984552077,0.5147204776203902,0.48018300403410324,0.5784916039019826,0.28557552778487033,0.2519341452690604,0.6836624412283987,0.7022339537005557,0.8008593944044273
1.9361111111111111,0.14679580271940934,0.4429153629713367,0.5169785421365192,0.4807475201631355,0.5790561200310149,0.2861400439139026,0.2524986613980926,0.6859205057445277,0.7044920182166847,0.8014239105334596
1.9527777777777777,0.14736031884844158,0.44517342748746574,0.5192366066526481,0.48131203629216773,0.5796206361600472,0.2867045600429348,0.25306317752712487,0.6881785702606567,0.7067500827328137,0.8019884266624919
1.9694444444444446,0.14792483497747383,0.4474314920035948,0.5214946711687771,0.4818765524212,0.5801851522890795,0.28726907617196706,0.2536276936561571,0.6904366347767856,0.7090081472489427,0.8025529427915242
1.9861111111111112,0.14848935110650607,0.4496895565197238,0.5237527356849061,0.4824410685502322,0.5807496684181118,0.2878335923009993,0.25419220978518936,0.6926946992929146,0.7112662117650717,0.8031174589205565
2.0027777777777778,0.14905386723553832,0.45194762103585284,0.5260108002010351,0.48300558467926447,0.5813141845471441,0.28839810843003155,0.2547567259142216,0.6949527638090436,0.7135242762812006,0.8036819750495888
2.0194444444444444,0.14961838336457056,0.4542056855519819,0.528268864717164,0.4835701008082967,0.5818787006761764,0.2889626245590638,0.25532124204325385,0.6972108283251726,0.7157823407973296,0.8042464911786211
2.036111111111111,0.1501828994936028,0.4564637500681109,0.530526929233293,0.48413461693732895,0.5824432168052087,0.28952714068809604,0.2558857581722861,0.6994688928413015,0.7180404053134586,0.8048110073076534
2.0527777777777776,0.15074741562263505,0.45872181458423994,0.532784993749422,0.4846991330663612,0.583007732934241,0.2900916568171283,0.25645027430131834,0.7017269573574305,0.7202984698295876,0.8053755234366857
2.0694444444444446,0.1513119317516673,0.46097987910036897,0.535043058265551,0.48526364919539344,0.5835722490632733,0.29065617294616053,0.2570147904303506,0.7039850218735595,0.7225565343457165,0.805940039565718
2.0861111111111112,0.15187644788069954,0.463237943616498,0.53730112278168,0.4858281653244257,0.5841367651923056,0.2912206890751928,0.2575793065593828,0.7062430863896885,0.7248145988618455,0.8065045556947503
2.102777777777778,0.15244096400973178,0.46549600813262704,0.5395591872978089,0.48639268145345793,0.5847012813213379,0.291785205204225,0.25814382268841507,0.7085011509058174,0.7270726633779745,0.8070690718237826
2.1194444444444445,0.15300548013876403,0.46775407264875607,0.5418172518139379,0.4869571975824902,0.5852657974503702,0.29234972133325726,0.2587083388174473,0.7107592154219464,0.7293307278941035,0.8076335879528149
2.136111111111111,0.15356999626779627,0.4700121371648851,0.5440753163300669,0.4875217137115224,0.5858303135794025,0.2929142374622895,0.25927285494647956,0.7130172799380754,0.7315887924102324,0.8081981040818472
2.1527777777777777,0.15413451239682852,0.47227020168101413,0.5463333808461959,0.48808622984055466,0.5863948297084348,0.29347875359132175,0.2598373710755118,0.7152753444542044,0.7338468569263614,0.8087626202108795
2.1694444444444443,0.15469902852586076,0.47452826619714317,0.5485914453623248,0.4886507459695869,0.5869593458374671,0.294043269720354,0.26040188720454405,0.7175334089703334,0.7361049214424904,0.8093271363399118
2.186111111111111,0.155263544654893,0.4767863307132722,0.5508495098784538,0.48921526209861915,0.5875238619664994,0.29460778584938624,0.2609664033335763,0.7197914734864623,0.7383629859586194,0.8098916524689441
2.202777777777778,0.15582806078392525,0.47904439522940123,0.5531075743945828,0.4897797782276514,0.5880883780955317,0.2951723019784185,0.26153091946260854,0.7220495380025913,0.7406210504747484,0.8104561685979764
2.2194444444444446,0.1563925769129575,0.48130245974553026,0.5553656389107118,0.49034429435668364,0.588652894224564,0.2957368181074507,0.2620954355916408,0.7243076025187203,0.7428791149908773,0.8110206847270087
2.236111111111111,0.15695709304198974,0.4835605242616593,0.5576237034268408,0.4909088104857159,0.5892174103535963,0.29630133423648297,0.262659951720673,0.7265656670348493,0.7451371795070063,0.811585200856041
2.2527777777777778,0.15752160917102198,0.48581858877778833,0.5598817679429697,0.49147332661474813,0.5897819264826286,0.2968658503655152,0.26322446784970527,0.7288237315509782,0.7473952440231353,0.8121497169850733
2.2694444444444444,0.15808612530005423,0.48807665329391736,0.5621398324590987,0.4920378427437804,0.5903464426116609,0.29743036649454746,0.2637889839787375,0.7310817960671072,0.7496533085392643,0.8127142331141056
2.286111111111111,0.15865064142908647,0.4903347178100464,0.5643978969752277,0.4926023588728126,0.5909109587406932,0.2979948826235797,0.26435350010776976,0.7333398605832362,0.7519113730553932,0.8132787492431379
2.3027777777777776,0.15921515755811871,0.4925927823261754,0.5666559614913567,0.49316687500184486,0.5914754748697255,0.29855939875261195,0.264918016236802,0.7355979250993652,0.7541694375715222,0.8138432653721702
2.3194444444444446,0.15977967368715096,0.49485084684230446,0.5689140260074856,0.4937313911308771,0.5920399909987578,0.2991239148816442,0.26548253236583425,0.7378559896154941,0.7564275020876512,0.8144077815012025
2.3361111111111112,0.1603441898161832,0.4971089113584335,0.5711720905236146,0.49429590725990935,0.5926045071277901,0.29968843101067644,0.2660470484948665,0.7401140541316231,0.7586855666037802,0.8149722976302348
2.352777777777778,0.16090870594521545,0.4993669758745625,0.5734301550397436,0.4948604233889416,0.5931690232568224,0.3002529471397087,0.26661156462389873,0.7423721186477521,0.7609436311199091,0.8155368137592671
2.3694444444444445,0.1614732220742477,0.5016250403906916,0.5756882195558726,0.49542493951797384,0.5937335393858547,0.3008174632687409,0.267176080752931,0.7446301831638811,0.7632016956360381,0.8161013298882994
2.386111111111111,0.16203773820327994,0.5038831049068206,0.5779462840720015,0.4959894556470061,0.594298055514887,0.30138197939777317,0.2677405968819632,0.74688824768001,0.7654597601521671,0.8166658460173317
2.4027777777777777,0.16260225433231218,0.5061411694229496,0.5802043485881305,0.4965539717760383,0.5948625716439193,0.3019464955268054,0.26830511301099547,0.749146312196139,0.7677178246682961,0.817230362146364
2.4194444444444443,0.16316677046134442,0.5083992339390786,0.5824624131042595,0.49711848790507057,0.5954270877729516,0.30251101165583766,0.2688696291400277,0.751404376712268,0.769975889184425,0.8177948782753963
2.436111111111111,0.16373128659037667,0.5106572984552076,0.5847204776203885,0.4976830040341028,0.5959916039019839,0.3030755277848699,0.26943414526905995,0.753662441228397,0.772233953700554,0.8183593944044286
2.452777777777778,0.1642958027194089,0.5129153629713366,0.5869785421365175,0.49824752016313506,0.5965561200310162,0.30364004391390215,0.2699986613980922,0.755920505744526,0.774492018216683,0.8189239105334609
2.4694444444444446,0.16486031884844116,0.5151734274874655,0.5892366066526464,0.4988120362921673,0.5971206361600485,0.3042045600429344,0.27056317752712444,0.7581785702606549,0.776750082732812,0.8194884266624932
2.486111111111111,0.1654248349774734,0.5174314920035945,0.5914946711687754,0.49937655242119955,0.5976851522890808,0.30476907617196664,0.2711276936561567,0.7604366347767839,0.779008147248941,0.8200529427915255
2.5027777777777778,0.16598935110650564,0.5196895565197235,0.5937527356849044,0.4999410685502318,0.5982496684181131,0.3053335923009989,0.27169220978518893,0.7626946992929129,0.7812662117650699,0.8206174589205578
2.5194444444444444,0.1665538672355379,0.5219476210358525,0.5960108002010334,0.5005055846792641,0.5988141845471454,0.3058981084300311,0.2722567259142212,0.7649527638090419,0.7835242762811989,0.8211819750495901
2.536111111111111,0.16711838336457013,0.5242056855519814,0.5982688647171623,0.5010701008082964,0.5993787006761777,0.30646262455906337,0.2728212420432534,0.7672108283251708,0.7857823407973279,0.8217464911786224
2.5527777777777776,0.16768289949360238,0.5264637500681104,0.6005269292332913,0.5016346169373287,0.59994321680521,0.3070271406880956,0.27338575817228566,0.7694688928412998,0.7880404053134569,0.8223110073076547
2.5694444444444446,0.16824741562263462,0.5287218145842394,0.6027849937494203,0.502199133066361,0.6005077329342423,0.30759165681712786,0.2739502743013179,0.7717269573574288,0.7902984698295858,0.822875523436687
2.5861111111111112,0.16881193175166687,0.5309798791003684,0.6050430582655493,0.5027636491953933,0.6010722490632746,0.3081561729461601,0.27451479043035015,0.7739850218735578,0.7925565343457148,0.8234400395657193
2.602777777777778,0.1693764478806991,0.5332379436164973,0.6073011227816782,0.5033281653244256,0.6016367651923069,0.30872068907519234,0.2750793065593824,0.7762430863896868,0.7948145988618438,0.8240045556947516
2.6194444444444445,0.16994096400973135,0.5354960081326263,0.6095591872978072,0.5038926814534579,0.6022012813213392,0.3092852052042246,0.27564382268841464,0.7785011509058157,0.7970726633779728,0.8245690718237839
2.636111111111111,0.1705054801387636,0.5377540726487553,0.6118172518139362,0.5044571975824902,0.6027657974503715,0.30984972133325683,0.2762083388174469,0.7807592154219447,0.7993307278941018,0.8251335879528162
2.6527777777777777,0.17106999626779584,0.5400121371648843,0.6140753163300652,0.5050217137115225,0.6033303135794038,0.3104142374622891,0.27677285494647913,0.7830172799380737,0.8015887924102307,0.8256981040818485
2.6694444444444443,0.1716345123968281,0.5422702016810133,0.6163333808461942,0.5055862298405548,0.6038948297084361,0.3109787535913213,0.2773373710755114,0.7852753444542027,0.8038468569263597,0.8262626202108808
2.686111111111111,0.17219902852586033,0.5445282661971422,0.6185914453623231,0.5061507459695871,0.6044593458374684,0.31154326972035357,0.2779018872045436,0.7875334089703316,0.8061049214424887,0.8268271363399131
2.702777777777778,0.17276354465489258,0.5467863307132712,0.6208495098784521,0.5067152620986194,0.6050238619665007,0.3121077858493858,0.27846640333357586,0.7897914734864606,0.8083629859586177,0.8273916524689454
2.7194444444444446,0.17332806078392482,0.5490443952294002,0.6231075743945811,0.5072797782276517,0.605588378095533,0.31267230197841805,0.2790309194626081,0.7920495380025896,0.8106210504747466,0.8279561685979777
2.736111111111111,0.17389257691295706,0.5513024597455292,0.6253656389107101,0.507844294356684,0.6061528942245653,0.3132368181074503,0.27959543559164035,0.7943076025187186,0.8128791149908756,0.82852068472701
2.7527777777777778,0.1744570930419893,0.5535605242616581,0.627623703426839,0.5084088104857163,0.6067174103535976,0.31380133423648254,0.2801599517206726,0.7965656670348475,0.8151371795070046,0.8290852008560423
2.7694444444444444,0.17502160917102155,0.5558185887777871,0.629881767942968,0.5089733266147486,0.6072819264826299,0.3143658503655148,0.28072446784970484,0.7988237315509765,0.8173952440231336,0.8296497169850746
2.786111111111111,0.1755861253000538,0.5580766532939161,0.632139832459097,0.5095378427437809,0.6078464426116622,0.31493036649454703,0.2812889839787371,0.8010817960671055,0.8196533085392625,0.8302142331141069
2.8027777777777776,0.17615064142908604,0.5603347178100451,0.634397896975226,0.5101023588728132,0.6084109587406945,0.3154948826235793,0.28185350010776933,0.8033398605832345,0.8219113730553915,0.8307787492431392
2.8194444444444446,0.17671515755811829,0.562592782326174,0.636655961491355,0.5106668750018455,0.6089754748697268,0.3160593987526115,0.2824180162368016,0.8055979250993635,0.8241694375715205,0.8313432653721715
2.8361111111111112,0.17727967368715053,0.564850846842303,0.6389140260074839,0.5112313911308778,0.6095399909987591,0.31662391488164376,0.2829825323658338,0.8078559896154924,0.8264275020876495,0.8319077815012038
2.852777777777778,0.17784418981618277,0.567108911358432,0.6411720905236129,0.5117959072599101,0.6101045071277914,0.317188431010676,0.28354704849486606,0.8101140541316214,0.8286855666037785,0.8324722976302361
2.8694444444444445,0.17840870594521502,0.569366975874561,0.6434301550397419,0.5123604233889424,0.6106690232568237,0.31775294713970825,0.2841115646238983,0.8123721186477504,0.8309436311199074,0.8330368137592684
2.886111111111111,0.17897322207424726,0.57162504039069,0.6456882195558709,0.5129249395179747,0.611233539385856,0.3183174632687405,0.28467608075293055,0.8146301831638794,0.8332016956360364,0.8336013298883007
2.9027777777777777,0.1795377382032795,0.5738831049068189,0.6479462840719998,0.513489455647007,0.6117980555148883,0.31888197939777274,0.2852405968819628,0.8168882476800083,0.8354597601521654,0.834165846017333
2.9194444444444443,0.18010225433231175,0.5761411694229479,0.6502043485881288,0.5140539717760393,0.6123625716439206,0.319446495526805,0.28580511301099504,0.8191463121961373,0.8377178246682944,0.8347303621463653
2.936111111111111,0.180666770461344,0.5783992339390769,0.6524624131042578,0.5146184879050716,0.6129270877729529,0.32001101165583723,0.2863696291400273,0.8214043767122663,0.8399758891844233,0.8352948782753976
2.952777777777778,0.18123128659037624,0.5806572984552059,0.6547204776203868,0.5151830040341039,0.6134916039019852,0.3205755277848695,0.2869341452690595,0.8236624412283953,0.8422339537005523,0.8358593944044299
2.9694444444444446,0.18179580271940848,0.5829153629713348,0.6569785421365157,0.5157475201631362,0.6140561200310175,0.3211400439139017,0.28749866139809177,0.8259205057445242,0.8444920182166813,0.8364239105334622
2.986111111111111,0.18236031884844073,0.5851734274874638,0.6592366066526447,0.5163120362921685,0.6146206361600498,0.32170456004293396,0.288063177527124,0.8281785702606532,0.8467500827328103,0.8369884266624945
3.0027777777777778,0.18292483497747297,0.5874314920035928,0.6614946711687737,0.5168765524212008,0.6151851522890821,0.3222690761719662,0.28862769365615626,0.8304366347767822,0.8490081472489392,0.8375529427915268
3.0194444444444444,0.18348935110650522,0.5896895565197218,0.6637527356849027,0.5174410685502331,0.6157496684181144,0.32283359230099845,0.2891922097851885,0.8326946992929112,0.8512662117650682,0.8381174589205591
3.036111111111111,0.18405386723553746,0.5919476210358507,0.6660108002010316,0.5180055846792654,0.6163141845471467,0.3233981084300307,0.28975672591422075,0.8349527638090402,0.8535242762811972,0.8386819750495914
3.0527777777777776,0.1846183833645697,0.5942056855519797,0.6682688647171606,0.5185701008082977,0.616878700676179,0.32396262455906294,0.290321242043253,0.8372108283251691,0.8557823407973262,0.8392464911786237
3.0694444444444446,0.18518289949360195,0.5964637500681087,0.6705269292332896,0.51913461693733,0.6174432168052113,0.3245271406880952,0.29088575817228524,0.8394688928412981,0.8580404053134552,0.839811007307656
3.0861111111111112,0.1857474156226342,0.5987218145842377,0.6727849937494186,0.5196991330663623,0.6180077329342436,0.32509165681712743,0.2914502743013175,0.8417269573574271,0.8602984698295841,0.8403755234366883
3.102777777777778,0.18631193175166644,0.6009798791003667,0.6750430582655476,0.5202636491953946,0.6185722490632759,0.32565617294615967,0.2920147904303497,0.8439850218735561,0.8625565343457131,0.8409400395657206
3.1194444444444445,0.18687644788069868,0.6032379436164956,0.6773011227816765,0.5208281653244269,0.6191367651923082,0.3262206890751919,0.29257930655938197,0.846243086389685,0.8648145988618421,0.8415045556947529
3.136111111111111,0.18744096400973093,0.6054960081326246,0.6795591872978055,0.5213926814534592,0.6197012813213405,0.32678520520422416,0.2931438226884142,0.848501150905814,0.8670726633779711,0.8420690718237852
3.1527777777777777,0.18800548013876317,0.6077540726487536,0.6818172518139345,0.5219571975824915,0.6202657974503728,0.3273497213332564,0.29370833881744646,0.850759215421943,0.8693307278941,0.8426335879528175
3.1694444444444443,0.18856999626779541,0.6100121371648826,0.6840753163300635,0.5225217137115238,0.6208303135794051,0.32791423746228865,0.2942728549464787,0.853017279938072,0.871588792410229,0.8431981040818498
3.186111111111111,0.18913451239682766,0.6122702016810115,0.6863333808461924,0.5230862298405561,0.6213948297084374,0.3284787535913209,0.29483737107551095,0.855275344454201,0.873846856926358,0.8437626202108821
3.202777777777778,0.1896990285258599,0.6145282661971405,0.6885914453623214,0.5236507459695884,0.6219593458374697,0.32904326972035314,0.2954018872045432,0.8575334089703299,0.876104921442487,0.8443271363399144
3.2194444444444446,0.19026354465489215,0.6167863307132695,0.6908495098784504,0.5242152620986207,0.622523861966502,0.3296077858493854,0.29596640333357543,0.8597914734864589,0.878362985958616,0.8448916524689467
3.236111111111111,0.1908280607839244,0.6190443952293985,0.6931075743945794,0.524779778227653,0.6230883780955343,0.3301723019784176,0.2965309194626077,0.8620495380025879,0.8806210504747449,0.845456168597979
3.2527777777777778,0.19139257691295664,0.6213024597455274,0.6953656389107084,0.5253442943566853,0.6236528942245666,0.33073681810744987,0.2970954355916399,0.8643076025187169,0.8828791149908739,0.8460206847270113
3.2694444444444444,0.19195709304198888,0.6235605242616564,0.6976237034268373,0.5259088104857176,0.6242174103535989,0.3313013342364821,0.29765995172067217,0.8665656670348458,0.8851371795070029,0.8465852008560436
3.286111111111111,0.19252160917102112,0.6258185887777854,0.6998817679429663,0.5264733266147499,0.6247819264826312,0.33186585036551436,0.2982244678497044,0.8688237315509748,0.8873952440231319,0.8471497169850759
3.3027777777777776,0.19308612530005337,0.6280766532939144,0.7021398324590953,0.5270378427437822,0.6253464426116635,0.3324303664945466,0.29878898397873666,0.8710817960671038,0.8896533085392608,0.8477142331141082
3.3194444444444446,0.1936506414290856,0.6303347178100434,0.7043978969752243,0.5276023588728145,0.6259109587406958,0.33299488262357885,0.2993535001077689,0.8733398605832328,0.8919113730553898,0.8482787492431405
3.3361111111111112,0.19421515755811786,0.6325927823261723,0.7066559614913532,0.5281668750018468,0.6264754748697281,0.3335593987526111,0.29991801623680114,0.8755979250993617,0.8941694375715188,0.8488432653721728
3.352777777777778,0.1947796736871501,0.6348508468423013,0.7089140260074822,0.5287313911308791,0.6270399909987604,0.33412391488164334,0.3004825323658334,0.8778559896154907,0.8964275020876478,0.8494077815012051
3.3694444444444445,0.19534418981618235,0.6371089113584303,0.7111720905236112,0.5292959072599114,0.6276045071277927,0.3346884310106756,0.30104704849486563,0.8801140541316197,0.8986855666037767,0.8499722976302374
3.386111111111111,0.1959087059452146,0.6393669758745593,0.7134301550397402,0.5298604233889437,0.628169023256825,0.3352529471397078,0.3016115646238979,0.8823721186477487,0.9009436311199057,0.8505368137592697
3.4027777777777777,0.19647322207424683,0.6416250403906882,0.7156882195558691,0.530424939517976,0.6287335393858573,0.33581746326874007,0.3021760807529301,0.8846301831638776,0.3083379556528985,0.851101329888302
3.4194444444444443,0.19703773820327908,0.6438831049068172,0.7179462840719981,0.5309894556470083,0.6292980555148896,0.3363819793977723,0.30274059688196236,0.8868882476800066,0.31059602016902754,0.8516658460173343
3.436111111111111,0.19760225433231132,0.6461411694229462,0.7202043485881271,0.5315539717760406,0.6298625716439219,0.33694649552680456,0.3033051130109946,0.8891463121961356,0.3128540846851566,0.8522303621463666
3.452777777777778,0.19816677046134357,0.6483992339390752,0.7224624131042561,0.5321184879050729,0.6304270877729542,0.3375110116558368,0.30386962914002685,0.8914043767122646,0.3151121492012856,0.8527948782753989
3.4694444444444446,0.1987312865903758,0.6506572984552041,0.724720477620385,0.5326830040341052,0.6309916039019865,0.33807552778486905,0.3044341452690591,0.8936624412283936,0.31737021371741464,0.8533593944044312
3.486111111111111,0.19929580271940806,0.6529153629713331,0.726978542136514,0.5332475201631375,0.6315561200310188,0.3386400439139013,0.30499866139809134,0.8959205057445225,0.3196282782335437,0.8539239105334635
3.5027777777777778,0.1998603188484403,0.6551734274874621,0.729236606652643,0.5338120362921698,0.6321206361600511,0.33920456004293353,0.3055631775271236,0.8981785702606515,0.3218863427496727,0.8544884266624958
3.5194444444444444,0.20042483497747254,0.6574314920035911,0.731494671168772,0.5343765524212021,0.6326851522890834,0.3397690761719658,0.30612769365615583,0.9004366347767805,0.32414440726580174,0.8550529427915281
3.536111111111111,0.2009893511065048,0.65968955651972,0.733752735684901,0.5349410685502344,0.6332496684181157,0.340333592300998,0.3066922097851881,0.47908875201782203,0.32640247178193077,0.8556174589205604
3.5527777777777776,0.20155386723553703,0.661947621035849,0.7360108002010299,0.5355055846792667,0.633814184547148,0.34089810843003027,0.3072567259142203,0.48134681653395106,0.3286605362980598,0.8561819750495927
3.5694444444444446,0.20211838336456928,0.664205685551978,0.7382688647171589,0.536070100808299,0.6343787006761803,0.3414626245590625,0.30782124204325256,0.4836048810500801,0.33091860081418883,0.856746491178625
3.5861111111111112,0.20268289949360152,0.666463750068107,0.7405269292332879,0.5366346169373313,0.6349432168052126,0.34202714068809476,0.3083857581722848,0.4858629455662091,0.33317666533031787,0.8573110073076573
3.602777777777778,0.20324741562263376,0.668721814584236,0.7427849937494169,0.5371991330663636,0.6355077329342449,0.342591656817127,0.30895027430131705,0.48812101008233816,0.3354347298464469,0.8578755234366896
3.6194444444444445,0.203811931751666,0.6709798791003649,0.7450430582655458,0.5377636491953959,0.6360722490632772,0.34315617294615924,0.3095147904303493,0.4903790745984672,0.33769279436257593,0.8584400395657219
3.636111111111111,0.20437644788069825,0.6732379436164939,0.7473011227816748,0.5383281653244282,0.6366367651923095,0.3437206890751915,0.31007930655938154,0.4926371391145962,0.33995085887870496,0.8590045556947542
3.6527777777777777,0.2049409640097305,0.6754960081326229,0.7495591872978038,0.5388926814534605,0.6372012813213418,0.34428520520422373,0.3106438226884138,0.49489520363072526,0.342208923394834,0.8595690718237865
3.6694444444444443,0.20550548013876274,0.6777540726487519,0.7518172518139328,0.5394571975824928,0.6377657974503741,0.344849721333256,0.31120833881744603,0.4971532681468543,0.34446698791096303,0.8601335879528188
3.686111111111111,0.20606999626779499,0.6800121371648808,0.7540753163300618,0.5400217137115251,0.6383303135794064,0.3454142374622882,0.3117728549464783,0.4994113326629833,0.34672505242709206,0.8606981040818511
3.702777777777778,0.20663451239682723,0.6822702016810098,0.7563333808461907,0.5405862298405574,0.6388948297084387,0.34597875359132046,0.3123373710755105,0.5016693971791124,0.3489831169432211,0.8612626202108834
3.7194444444444446,0.20719902852585947,0.6845282661971388,0.7585914453623197,0.5411507459695897,0.639459345837471,0.3465432697203527,0.31290188720454276,0.5039274616952414,0.3512411814593501,0.8618271363399157
3.736111111111111,0.20776354465489172,0.6867863307132678,0.7608495098784487,0.541715262098622,0.6400238619665033,0.34710778584938495,0.313466403333575,0.5061855262113704,0.35349924597547916,0.862391652468948
3.7527777777777778,0.20832806078392396,0.6890443952293968,0.7631075743945777,0.5422797782276543,0.6405883780955356,0.3476723019784172,0.31403091946260725,0.5084435907274993,0.3557573104916082,0.8629561685979803
3.7694444444444444,0.2088925769129562,0.6913024597455257,0.7653656389107066,0.5428442943566866,0.6411528942245679,0.34823681810744944,0.3145954355916395,0.5107016552436283,0.3580153750077372,0.8635206847270126
3.786111111111111,0.20945709304198845,0.6935605242616547,0.7676237034268356,0.5434088104857189,0.6417174103536002,0.3488013342364817,0.31515995172067174,0.5129597197597573,0.36027343952386626,0.8640852008560449
3.8027777777777776,0.2100216091710207,0.6958185887777837,0.7698817679429646,0.5439733266147512,0.6422819264826325,0.34936585036551393,0.315724467849704,0.5152177842758863,0.3625315040399953,0.8646497169850772
3.8194444444444446,0.21058612530005294,0.6980766532939127,0.7721398324590936,0.5445378427437835,0.6428464426116648,0.3499303664945462,0.3162889839787362,0.5174758487920152,0.3647895685561243,0.8652142331141095
3.8361111111111112,0.21115064142908518,0.7003347178100416,0.7743978969752225,0.5451023588728158,0.6434109587406971,0.3504948826235784,0.31685350010776847,0.5197339133081442,0.36704763307225335,0.8657787492431418
3.852777777777778,0.21171515755811743,0.7025927823261706,0.7766559614913515,0.5456668750018481,0.6439754748697294,0.35105939875261066,0.3174180162368007,0.5219919778242732,0.3693056975883824,0.8663432653721741
3.8694444444444445,0.21227967368714967,0.7048508468422996,0.7789140260074805,0.5462313911308804,0.6445399909987617,0.3516239148816429,0.31798253236583296,0.5242500423404022,0.3715637621045114,0.8669077815012064
3.886111111111111,0.21284418981618192,0.7071089113584286,0.7811720905236095,0.5467959072599127,0.645104507127794,0.35218843101067515,0.3185470484948652,0.5265081068565312,0.37382182662064045,0.8674722976302387
3.9027777777777777,0.21340870594521416,0.7093669758745575,0.7834301550397385,0.547360423388945,0.6456690232568263,0.3527529471397074,0.31911156462389745,0.5287661713726601,0.3760798911367695,0.868036813759271
3.9194444444444443,0.2139732220742464,0.7116250403906865,0.7856882195558674,0.5479249395179773,0.6462335393858586,0.35331746326873964,0.3196760807529297,0.5310242358887891,0.3783379556528985,0.8686013298883033
3.936111111111111,0.21453773820327865,0.7138831049068155,0.7879462840719964,0.5484894556470096,0.6467980555148909,0.3538819793977719,0.32024059688196194,0.5332823004049181,0.38059602016902755,0.8691658460173356
3.952777777777778,0.2151022543323109,0.7161411694229445,0.7902043485881254,0.5490539717760419,0.6473625716439232,0.35444649552680413,0.3208051130109942,0.5355403649210471,0.3828540846851566,0.8697303621463679
3.9694444444444446,0.21566677046134314,0.7183992339390735,0.7924624131042544,0.5496184879050742,0.6479270877729555,0.3550110116558364,0.3213696291400264,0.537798429437176,0.3851121492012856,0.8702948782754002
3.986111111111111,0.21623128659037538,0.7206572984552024,0.7947204776203833,0.5501830040341065,0.6484916039019878,0.3555755277848686,0.32193414526905867,0.540056493953305,0.38737021371741465,0.8708593944044325
4.002777777777778,0.21679580271940763,0.7229153629713314,0.7969785421365123,0.5507475201631388,0.6490561200310201,0.35614004391390086,0.3224986613980909,0.542314558469434,0.3896282782335437,0.8714239105334648
4.019444444444445,0.21736031884843987,0.7251734274874604,0.7992366066526413,0.5513120362921711,0.6496206361600524,0.3567045600429331,0.32306317752712316,0.544572622985563,0.3918863427496727,0.8719884266624971
4.036111111111111,0.21792483497747211,0.7274314920035894,0.8014946711687703,0.5518765524212034,0.6501851522890847,0.35726907617196535,0.3236276936561554,0.546830687501692,0.39414440726580174,0.8725529427915294
4.052777777777778,0.21848935110650436,0.7296895565197183,0.8037527356848992,0.5524410685502357,0.650749668418117,0.3578335923009976,0.32419220978518765,0.5490887520178209,0.3964024717819308,0.8731174589205617
4.069444444444445,0.2190538672355366,0.7319476210358473,0.8060108002010282,0.553005584679268,0.6513141845471493,0.35839810843002984,0.3247567259142199,0.5513468165339499,0.3986605362980598,0.873681975049594
4.086111111111111,0.21961838336456885,0.7342056855519763,0.8082688647171572,0.5535701008083003,0.6518787006761816,0.3589626245590621,0.32532124204325213,0.5536048810500789,0.40091860081418884,0.8742464911786263
4.102777777777778,0.2201828994936011,0.7364637500681053,0.8105269292332862,0.5541346169373326,0.6524432168052139,0.3595271406880943,0.3258857581722844,0.5558629455662079,0.4031766653303179,0.8748110073076586
4.1194444444444445,0.22074741562263334,0.7387218145842342,0.8127849937494152,0.5546991330663649,0.6530077329342462,0.36009165681712657,0.3264502743013166,0.5581210100823368,0.4054347298464469,0.8753755234366909
4.136111111111111,0.22131193175166558,0.7409798791003632,0.8150430582655441,0.5552636491953972,0.6535722490632785,0.3606561729461588,0.32701479043034887,0.5603790745984658,0.40769279436257594,0.8759400395657232
4.152777777777778,0.22187644788069782,0.7432379436164922,0.8173011227816731,0.5558281653244295,0.6541367651923108,0.36122068907519106,0.3275793065593811,0.5626371391145948,0.40995085887870497,0.8765045556947555
4.169444444444444,0.22244096400973007,0.7454960081326212,0.8195591872978021,0.5563926814534618,0.6547012813213431,0.3617852052042233,0.32814382268841336,0.5648952036307238,0.412208923394834,0.8770690718237878
4.186111111111111,0.2230054801387623,0.7477540726487502,0.8218172518139311,0.5569571975824941,0.6552657974503754,0.36234972133325555,0.3287083388174456,0.5671532681468527,0.41446698791096304,0.8776335879528201
4.2027777777777775,0.22356999626779456,0.7500121371648791,0.82407531633006,0.5575217137115264,0.6558303135794077,0.3629142374622878,0.32927285494647784,0.5694113326629817,0.41672505242709207,0.8781981040818524
4.219444444444444,0.2241345123968268,0.7522702016810081,0.826333380846189,0.5580862298405587,0.65639482970844,0.36347875359132004,0.3298373710755101,0.5716693971791107,0.4189831169432211,0.8787626202108847
4.236111111111111,0.22469902852585905,0.7545282661971371,0.828591445362318,0.558650745969591,0.6569593458374723,0.3640432697203523,0.33040188720454233,0.5739274616952397,0.42124118145935013,0.879327136339917
4.252777777777778,0.2252635446548913,0.7567863307132661,0.830849509878447,0.5592152620986233,0.6575238619665046,0.3646077858493845,0.3309664033335746,0.5761855262113686,0.42349924597547917,0.8798916524689493
4.269444444444445,0.22582806078392353,0.759044395229395,0.833107574394576,0.5597797782276556,0.6580883780955369,0.36517230197841677,0.3315309194626068,0.5784435907274976,0.4257573104916082,0.8804561685979816
4.286111111111111,0.22639257691295578,0.761302459745524,0.8353656389107049,0.5603442943566879,0.6586528942245692,0.365736818107449,0.33209543559163907,0.5807016552436266,0.42801537500773723,0.8810206847270139
4.302777777777778,0.22695709304198802,0.763560524261653,0.8376237034268339,0.5609088104857202,0.6592174103536015,0.36630133423648126,0.3326599517206713,0.5829597197597556,0.43027343952386626,0.8815852008560462
4.319444444444445,0.22752160917102027,0.765818588777782,0.8398817679429629,0.5614733266147525,0.6597819264826338,0.3668658503655135,0.33322446784970355,0.5852177842758846,0.4325315040399953,0.8821497169850785
4.336111111111111,0.2280861253000525,0.768076653293911,0.8421398324590919,0.5620378427437848,0.6603464426116661,0.36743036649454575,0.3337889839787358,0.5874758487920135,0.43478956855612433,0.8827142331141108
4.352777777777778,0.22865064142908476,0.7703347178100399,0.8443978969752208,0.5626023588728171,0.6609109587406984,0.367994882623578,0.33435350010776804,0.5897339133081425,0.43704763307225336,0.8832787492431431
4.3694444444444445,0.229215157558117,0.7725927823261689,0.8466559614913498,0.5631668750018494,0.6614754748697307,0.36855939875261023,0.3349180162368003,0.5919919778242715,0.4393056975883824,0.8838432653721754
4.386111111111111,0.22977967368714924,0.7748508468422979,0.8489140260074788,0.5637313911308817,0.662039990998763,0.3691239148816425,0.33548253236583253,0.5942500423404005,0.4415637621045114,0.8844077815012077
4.402777777777778,0.2303441898161815,0.7771089113584269,0.8511720905236078,0.564295907259914,0.6626045071277953,0.3696884310106747,0.3360470484948648,0.5965081068565294,0.44382182662064046,0.88497229763024
4.419444444444444,0.23090870594521373,0.7793669758745558,0.8534301550397367,0.5648604233889463,0.6631690232568276,0.37025294713970697,0.336611564623897,0.5987661713726584,0.4460798911367695,0.8855368137592723
4.436111111111111,0.23147322207424598,0.7816250403906848,0.8556882195558657,0.5654249395179786,0.6637335393858599,0.3708174632687392,0.33717608075292926,0.6010242358887874,0.4483379556528985,0.8861013298883046
4.4527777777777775,0.23203773820327822,0.7838831049068138,0.8579462840719947,0.5659894556470109,0.6642980555148922,0.37138197939777146,0.3377405968819615,0.6032823004049164,0.45059602016902756,0.8866658460173369
4.469444444444444,0.23260225433231047,0.7861411694229428,0.8602043485881237,0.5665539717760432,0.6648625716439245,0.3719464955268037,0.33830511301099375,0.6055403649210453,0.4528540846851566,0.8872303621463692
4.486111111111111,0.2331667704613427,0.7883992339390717,0.8624624131042526,0.5671184879050755,0.6654270877729568,0.37251101165583594,0.338869629140026,0.6077984294371743,0.4551121492012856,0.8877948782754015
4.502777777777778,0.23373128659037495,0.7906572984552007,0.8647204776203816,0.5676830040341078,0.6659916039019891,0.3730755277848682,0.33943414526905824,0.6100564939533033,0.45737021371741465,0.8883593944044338
4.519444444444445,0.2342958027194072,0.7929153629713297,0.8669785421365106,0.5682475201631401,0.6665561200310214,0.37364004391390043,0.3399986613980905,0.6123145584694323,0.4596282782335437,0.8889239105334661
4.536111111111111,0.23486031884843944,0.7951734274874587,0.8692366066526396,0.5688120362921724,0.6671206361600537,0.3742045600429327,0.34056317752712273,0.6145726229855613,0.4618863427496727,0.8894884266624984
4.552777777777778,0.2354248349774717,0.7974314920035876,0.8714946711687686,0.5693765524212047,0.667685152289086,0.3747690761719649,0.341127693656155,0.6168306875016902,0.46414440726580175,0.8900529427915307
4.569444444444445,0.23598935110650393,0.7996895565197166,0.8737527356848975,0.569941068550237,0.6682496684181183,0.37533359230099717,0.3416922097851872,0.6190887520178192,0.4664024717819308,0.890617458920563
4.586111111111111,0.23655386723553617,0.8019476210358456,0.8760108002010265,0.5705055846792693,0.6688141845471506,0.3758981084300294,0.34225672591421946,0.6213468165339482,0.4686605362980598,0.8911819750495953
4.602777777777778,0.23711838336456842,0.8042056855519746,0.8782688647171555,0.5710701008083016,0.6693787006761829,0.37646262455906165,0.3428212420432517,0.6236048810500772,0.47091860081418885,0.8917464911786276
4.6194444444444445,0.23768289949360066,0.8064637500681036,0.8805269292332845,0.5716346169373339,0.6699432168052152,0.3770271406880939,0.34338575817228395,0.6258629455662061,0.4731766653303179,0.8923110073076599
4.636111111111111,0.2382474156226329,0.8087218145842325,0.8827849937494134,0.5721991330663662,0.6705077329342475,0.37759165681712614,0.3439502743013162,0.6281210100823351,0.4754347298464469,0.8928755234366922
4.652777777777778,0.23881193175166515,0.8109798791003615,0.8850430582655424,0.5727636491953985,0.6710722490632798,0.3781561729461584,0.34451479043034844,0.6303790745984641,0.47769279436257595,0.8934400395657245
4.669444444444444,0.2393764478806974,0.8132379436164905,0.8873011227816714,0.5733281653244308,0.6716367651923121,0.37872068907519063,0.3450793065593807,0.6326371391145931,0.479950858878705,0.8940045556947568
4.686111111111111,0.23994096400972964,0.8154960081326195,0.8895591872978004,0.5738926814534631,0.6722012813213444,0.3792852052042229,0.3456438226884129,0.634895203630722,0.482208923394834,0.8945690718237891
4.7027777777777775,0.24050548013876188,0.8177540726487484,0.8918172518139293,0.5744571975824954,0.6727657974503767,0.3798497213332551,0.34620833881744517,0.637153268146851,0.48446698791096304,0.8951335879528214
4.719444444444444,0.24106999626779413,0.8200121371648774,0.8940753163300583,0.5750217137115277,0.673330313579409,0.38041423746228736,0.3467728549464774,0.63941133266298,0.4867250524270921,0.8956981040818537
4.736111111111111,0.24163451239682637,0.8222702016810064,0.8963333808461873,0.57558622984056,0.6738948297084413,0.3809787535913196,0.34733737107550966,0.641669397179109,0.4889831169432211,0.896262620210886
4.752777777777778,0.24219902852585862,0.8245282661971354,0.8985914453623163,0.5761507459695923,0.6744593458374736,0.38154326972035185,0.3479018872045419,0.643927461695238,0.49124118145935014,0.8968271363399183
4.769444444444445,0.24276354465489086,0.8267863307132644,0.9008495098784453,0.5767152620986246,0.6750238619665059,0.3821077858493841,0.34846640333357415,0.6461855262113669,0.4934992459754792,0.8973916524689506
4.786111111111111,0.2433280607839231,0.8290443952293933,0.2574451397881724,0.5772797782276569,0.6755883780955382,0.38267230197841634,0.3490309194626064,0.6484435907274959,0.4957573104916082,0.8979561685979829
4.802777777777778,0.24389257691295535,0.8313024597455223,0.25970320430430144,0.5778442943566892,0.6761528942245705,0.3832368181074486,0.34959543559163864,0.6507016552436249,0.49801537500773724,0.8985206847270152
4.819444444444445,0.2444570930419876,0.8335605242616513,0.26196126882043047,0.5784088104857215,0.6767174103536028,0.38380133423648083,0.3501599517206709,0.6529597197597539,0.5002734395238663,0.8990852008560475
4.836111111111111,0.24502160917101984,0.8358185887777803,0.2642193333365595,0.5789733266147538,0.6772819264826351,0.3843658503655131,0.3507244678497031,0.6552177842758828,0.5025315040399954,0.8996497169850798
4.852777777777778,0.24558612530005208,0.8380766532939092,0.26647739785268854,0.5795378427437861,0.6778464426116674,0.3849303664945453,0.35128898397873537,0.6574758487920118,0.5047895685561243,0.9002142331141121
4.8694444444444445,0.24615064142908433,0.8403347178100382,0.26873546236881757,0.5801023588728184,0.6784109587406997,0.38549488262357756,0.3518535001077676,0.6597339133081408,0.5070476330722533,0.11249410596855033
4.886111111111111,0.24671515755811657,0.8425927823261672,0.2709935268849466,0.5806668750018507,0.678975474869732,0.3860593987526098,0.35241801623679986,0.6619919778242698,0.5093056975883823,0.11475217048467937
4.902777777777778,0.24727967368714882,0.8448508468422962,0.27325159140107563,0.581231391130883,0.6795399909987643,0.38662391488164205,0.3529825323658321,0.6642500423403987,0.5115637621045113,0.1170102350008084
4.919444444444444,0.24784418981618106,0.8471089113584251,0.27550965591720467,0.5817959072599153,0.6801045071277966,0.3871884310106743,0.35354704849486435,0.6665081068565277,0.5138218266206402,0.11926829951693743
4.936111111111111,0.2484087059452133,0.8493669758745541,0.2777677204333337,0.5823604233889476,0.6806690232568289,0.38775294713970654,0.3541115646238966,0.6687661713726567,0.5160798911367692,0.12152636403306646
4.9527777777777775,0.24897322207424555,0.8516250403906831,0.28002578494946273,0.5829249395179799,0.6812335393858612,0.3883174632687388,0.35467608075292884,0.6710242358887857,0.5183379556528982,0.1237844285491955
4.969444444444444,0.2495377382032778,0.8538831049068121,0.28228384946559176,0.5834894556470122,0.6817980555148935,0.388881979397771,0.3552405968819611,0.6732823004049147,0.5205960201690272,0.12604249306532453
4.986111111111111,0.25010225433231004,0.856141169422941,0.2845419139817208,0.5840539717760445,0.6823625716439258,0.38944649552680327,0.3558051130109933,0.6755403649210436,0.5228540846851562,0.12830055758145356
5.002777777777778,0.2506667704613423,0.85839923393907,0.28679997849784983,0.5846184879050768,0.6829270877729581,0.3900110116558355,0.35636962914002557,0.6777984294371726,0.5251121492012851,0.1305586220975826
5.019444444444445,0.2512312865903745,0.860657298455199,0.28905804301397886,0.5851830040341091,0.6834916039019904,0.39057552778486776,0.3569341452690578,0.6800564939533016,0.5273702137174141,0.13281668661371163
5.036111111111111,0.25179580271940677,0.862915362971328,0.2913161075301079,0.5857475201631414,0.6840561200310227,0.3911400439139,0.35749866139809006,0.6823145584694306,0.5296282782335431,0.13507475112984066
5.052777777777778,0.252360318848439,0.865173427487457,0.2935741720462369,0.5863120362921737,0.684620636160055,0.39170456004293225,0.3580631775271223,0.6845726229855595,0.5318863427496721,0.1373328156459697
5.069444444444445,0.25292483497747126,0.8674314920035859,0.29583223656236596,0.586876552421206,0.6851851522890873,0.3922690761719645,0.35862769365615454,0.6868306875016885,0.534144407265801,0.13959088016209872
5.086111111111111,0.2534893511065035,0.8696895565197149,0.298090301078495,0.5874410685502383,0.6857496684181196,0.39283359230099674,0.3591922097851868,0.6890887520178175,0.53640247178193,0.14184894467822776
5.102777777777778,0.25405386723553575,0.8719476210358439,0.300348365594624,0.5880055846792706,0.6863141845471519,0.393398108430029,0.35975672591421903,0.6913468165339465,0.538660536298059,0.1441070091943568
5.1194444444444445,0.254618383364568,0.8742056855519729,0.30260643011075306,0.5885701008083029,0.6868787006761842,0.3939626245590612,0.3603212420432513,0.6936048810500755,0.540918600814188,0.14636507371048582
5.136111111111111,0.25518289949360023,0.8764637500681018,0.3048644946268821,0.5891346169373352,0.6874432168052165,0.39452714068809347,0.3608857581722835,0.6958629455662044,0.5431766653303169,0.14862313822661485
5.152777777777778,0.2557474156226325,0.8787218145842308,0.3071225591430111,0.5896991330663675,0.6880077329342488,0.3950916568171257,0.36145027430131577,0.6981210100823334,0.5454347298464459,0.1508812027427439
5.169444444444444,0.2563119317516647,0.8809798791003598,0.30938062365914015,0.5902636491953998,0.6885722490632811,0.39565617294615796,0.362014790430348,0.7003790745984624,0.5476927943625749,0.15313926725887292
5.186111111111111,0.25687644788069697,0.8832379436164888,0.3116386881752692,0.590828165324432,0.6891367651923134,0.3962206890751902,0.36257930655938025,0.7026371391145914,0.5499508588787039,0.15539733177500195
5.2027777777777775,0.2574409640097292,0.8854960081326178,0.3138967526913982,0.5913926814534644,0.6897012813213457,0.39678520520422245,0.3631438226884125,0.7048952036307203,0.5522089233948329,0.15765539629113098
5.219444444444444,0.25800548013876146,0.8877540726487467,0.31615481720752725,0.5919571975824967,0.690265797450378,0.3973497213332547,0.36370833881744474,0.7071532681468493,0.5544669879109618,0.15991346080726002
5.236111111111111,0.2585699962677937,0.8900121371648757,0.3184128817236563,0.592521713711529,0.6908303135794103,0.39791423746228693,0.364272854946477,0.7094113326629783,0.5567250524270908,0.16217152532338905
5.252777777777778,0.25913451239682594,0.8922702016810047,0.3206709462397853,0.5930862298405613,0.6913948297084426,0.3984787535913192,0.36483737107550923,0.7116693971791073,0.5589831169432198,0.16442958983951808
5.269444444444445,0.2596990285258582,0.8945282661971337,0.32292901075591435,0.5936507459695936,0.6919593458374749,0.3990432697203514,0.3654018872045415,0.7139274616952362,0.5612411814593488,0.1666876543556471
5.286111111111111,0.26026354465489043,0.8967863307132626,0.3251870752720434,0.5942152620986259,0.6925238619665072,0.39960778584938367,0.3659664033335737,0.7161855262113652,0.5634992459754777,0.16894571887177615
5.302777777777778,0.2608280607839227,0.8990443952293916,0.3274451397881724,0.5947797782276582,0.6930883780955395,0.4001723019784159,0.36653091946260596,0.7184435907274942,0.5657573104916067,0.17120378338790518
5.319444444444445,0.2613925769129549,0.9013024597455206,0.32970320430430144,0.5953442943566905,0.6936528942245718,0.40073681810744816,0.3670954355916382,0.7207016552436232,0.5680153750077357,0.1734618479040342
5.336111111111111,0.26195709304198717,0.25350156123126405,0.3319612688204305,0.5959088104857228,0.6942174103536041,0.4013013342364804,0.36765995172067045,0.7229597197597522,0.5702734395238647,0.17571991242016324
5.352777777777778,0.2625216091710194,0.2557596257473931,0.3342193333365595,0.596473326614755,0.6947819264826364,0.40186585036551264,0.3682244678497027,0.7252177842758811,0.5725315040399936,0.17797797693629228
5.3694444444444445,0.26308612530005165,0.2580176902635221,0.33647739785268854,0.5970378427437874,0.6953464426116687,0.4024303664945449,0.36878898397873494,0.7274758487920101,0.5747895685561226,0.1802360414524213
5.386111111111111,0.2636506414290839,0.26027575477965115,0.3387354623688176,0.5976023588728197,0.695910958740701,0.40299488262357713,0.3693535001077672,0.7297339133081391,0.5770476330722516,0.18249410596855034
5.402777777777778,0.26421515755811614,0.2625338192957802,0.3409935268849466,0.598166875001852,0.6964754748697333,0.4035593987526094,0.36991801623679943,0.7319919778242681,0.5793056975883806,0.18475217048467937
5.419444444444444,0.2647796736871484,0.2647918838119092,0.34325159140107564,0.5987313911308842,0.6970399909987656,0.4041239148816416,0.3704825323658317,0.734250042340397,0.5815637621045096,0.1870102350008084
5.436111111111111,0.26534418981618063,0.26704994832803824,0.34550965591720467,0.5992959072599165,0.6976045071277979,0.40468843101067387,0.3710470484948639,0.736508106856526,0.5838218266206385,0.18926829951693744
5.4527777777777775,0.2659087059452129,0.2693080128441673,0.3477677204333337,0.5998604233889488,0.6981690232568302,0.4052529471397061,0.37161156462389616,0.738766171372655,0.5860798911367675,0.19152636403306647
5.469444444444444,0.2664732220742451,0.2715660773602963,0.35002578494946274,0.6004249395179811,0.6987335393858625,0.40581746326873835,0.3721760807529284,0.741024235888784,0.5883379556528965,0.1937844285491955
5.486111111111111,0.26703773820327736,0.27382414187642534,0.35228384946559177,0.6009894556470134,0.6992980555148948,0.4063819793977706,0.37274059688196065,0.7432823004049129,0.5905960201690255,0.19604249306532454
5.502777777777778,0.2676022543323096,0.2760822063925544,0.3545419139817208,0.6015539717760457,0.6998625716439271,0.40694649552680284,0.3733051130109929,0.7455403649210419,0.5928540846851544,0.19830055758145357
5.519444444444445,0.26816677046134185,0.2783402709086834,0.35679997849784983,0.602118487905078,0.7004270877729594,0.4075110116558351,0.37386962914002514,0.7477984294371709,0.5951121492012834,0.2005586220975826
5.536111111111111,0.2687312865903741,0.28059833542481244,0.35905804301397887,0.6026830040341103,0.7009916039019917,0.40807552778486733,0.3744341452690574,0.7500564939532999,0.5973702137174124,0.20281668661371163
5.552777777777778,0.26929580271940634,0.28285639994094147,0.3613161075301079,0.6032475201631426,0.701556120031024,0.4086400439138996,0.3749986613980896,0.7523145584694289,0.5996282782335414,0.20507475112984067
5.569444444444445,0.2698603188484386,0.2851144644570705,0.36357417204623693,0.603812036292175,0.7021206361600563,0.4092045600429318,0.37556317752712187,0.7545726229855578,0.6018863427496703,0.2073328156459697
5.586111111111111,0.27042483497747083,0.28737252897319954,0.36583223656236596,0.6043765524212072,0.7026851522890886,0.40976907617196406,0.3761276936561541,0.7568306875016868,0.6041444072657993,0.20959088016209873
5.602777777777778,0.2709893511065031,0.28963059348932857,0.368090301078495,0.6049410685502395,0.7032496684181209,0.4103335923009963,0.37669220978518636,0.7590887520178158,0.6064024717819283,0.21184894467822776
5.6194444444444445,0.2715538672355353,0.2918886580054576,0.37034836559462403,0.6055055846792718,0.7038141845471532,0.41089810843002855,0.3772567259142186,0.7613468165339448,0.6086605362980573,0.2141070091943568
5.636111111111111,0.27211838336456756,0.29414672252158663,0.37260643011075306,0.6060701008083041,0.7043787006761855,0.4114626245590608,0.37782124204325085,0.7636048810500737,0.6109186008141863,0.21636507371048583
5.652777777777778,0.2726828994935998,0.29640478703771567,0.3748644946268821,0.6066346169373364,0.7049432168052178,0.41202714068809304,0.3783857581722831,0.7658629455662027,0.6131766653303152,0.21862313822661486
5.669444444444444,0.27324741562263205,0.2986628515538447,0.3771225591430111,0.6071991330663687,0.7055077329342501,0.4125916568171253,0.37895027430131534,0.7681210100823317,0.6154347298464442,0.2208812027427439
5.686111111111111,0.2738119317516643,0.30092091606997373,0.37938062365914016,0.607763649195401,0.7060722490632824,0.41315617294615753,0.3795147904303476,0.7703790745984607,0.6176927943625732,0.22313926725887293
5.7027777777777775,0.27437644788069654,0.30317898058610276,0.3816386881752692,0.6083281653244333,0.7066367651923147,0.4137206890751898,0.3800793065593798,0.7726371391145896,0.6199508588787022,0.22539733177500196
5.719444444444444,0.2749409640097288,0.3054370451022318,0.3838967526913982,0.6088926814534656,0.707201281321347,0.414285205204222,0.38064382268841207,0.7748952036307186,0.6222089233948311,0.227655396291131
5.736111111111111,0.275505480138761,0.30769510961836083,0.38615481720752726,0.609457197582498,0.7077657974503793,0.41484972133325426,0.3812083388174443,0.7771532681468476,0.6244669879109601,0.22991346080726002
5.752777777777778,0.27606999626779327,0.30995317413448986,0.3884128817236563,0.6100217137115302,0.7083303135794116,0.4154142374622865,0.38177285494647656,0.7794113326629766,0.6267250524270891,0.23217152532338906
5.769444444444445,0.2766345123968255,0.3122112386506189,0.3906709462397853,0.6105862298405625,0.7088948297084439,0.41597875359131875,0.3823373710755088,0.7816693971791056,0.6289831169432181,0.2344295898395181
5.786111111111111,0.27719902852585776,0.3144693031667479,0.39292901075591435,0.6111507459695948,0.7094593458374762,0.416543269720351,0.38290188720454105,0.7839274616952345,0.631241181459347,0.23668765435564712
5.802777777777778,0.27776354465489,0.31672736768287696,0.3951870752720434,0.6117152620986271,0.7100238619665085,0.41710778584938324,0.3834664033335733,0.7861855262113635,0.633499245975476,0.23894571887177615
5.819444444444445,0.27832806078392225,0.318985432199006,0.3974451397881724,0.6122797782276594,0.7105883780955408,0.4176723019784155,0.38403091946260554,0.7884435907274925,0.635757310491605,0.24120378338790519
5.836111111111111,0.2788925769129545,0.321243496715135,0.39970320430430145,0.6128442943566917,0.7111528942245731,0.4182368181074477,0.3845954355916378,0.7907016552436215,0.638015375007734,0.24346184790403422
5.852777777777778,0.27945709304198674,0.32350156123126406,0.4019612688204305,0.613408810485724,0.7117174103536054,0.41880133423647997,0.38515995172067,0.7929597197597504,0.640273439523863,0.24571991242016325
5.8694444444444445,0.280021609171019,0.3257596257473931,0.4042193333365595,0.6139733266147563,0.7122819264826377,0.4193658503655122,0.38572446784970227,0.7952177842758794,0.6425315040399919,0.24797797693629228
5.886111111111111,0.2805861253000512,0.3280176902635221,0.40647739785268855,0.6145378427437886,0.71284644261167,0.41993036649454446,0.3862889839787345,0.7974758487920084,0.6447895685561209,0.2502360414524213
5.902777777777778,0.28115064142908347,0.33027575477965115,0.4087354623688176,0.6151023588728209,0.7134109587407023,0.4204948826235767,0.38685350010776676,0.7997339133081374,0.6470476330722499,0.2524941059685503
5.919444444444444,0.2817151575581157,0.3325338192957802,0.4109935268849466,0.6156668750018532,0.7139754748697346,0.42105939875260895,0.387418016236799,0.8019919778242663,0.6493056975883789,0.25475217048467935
5.936111111111111,0.28227967368714796,0.3347918838119092,0.41325159140107565,0.6162313911308855,0.7145399909987669,0.4216239148816412,0.38798253236583125,0.8042500423403953,0.6515637621045078,0.2570102350008084
5.9527777777777775,0.2828441898161802,0.33704994832803825,0.4155096559172047,0.6167959072599178,0.7151045071277992,0.42218843101067344,0.3885470484948635,0.8065081068565243,0.6538218266206368,0.2592682995169374
5.969444444444444,0.28340870594521245,0.3393080128441673,0.4177677204333337,0.6173604233889501,0.7156690232568315,0.4227529471397057,0.38911156462389573,0.8087661713726533,0.6560798911367658,0.26152636403306645
5.986111111111111,0.2839732220742447,0.3415660773602963,0.42002578494946274,0.6179249395179824,0.7162335393858638,0.4233174632687379,0.389676080752928,0.8110242358887823,0.6583379556528948,0.2637844285491955
6.002777777777778,0.28453773820327694,0.34382414187642535,0.4222838494655918,0.6184894556470147,0.7167980555148961,0.42388197939777017,0.3902405968819602,0.8132823004049112,0.6605960201690237,0.2660424930653245
6.019444444444445,0.2851022543323092,0.3460822063925544,0.4245419139817208,0.619053971776047,0.7173625716439284,0.4244464955268024,0.39080511301099247,0.8155403649210402,0.6628540846851527,0.26830055758145355
6.036111111111111,0.2856667704613414,0.3483402709086834,0.42679997849784984,0.6196184879050793,0.7179270877729607,0.42501101165583466,0.3913696291400247,0.8177984294371692,0.6651121492012817,0.2705586220975826
6.052777777777778,0.28623128659037367,0.35059833542481245,0.4290580430139789,0.6201830040341116,0.718491603901993,0.4255755277848669,0.39193414526905695,0.8200564939532982,0.6673702137174107,0.2728166866137116
6.069444444444445,0.2867958027194059,0.3528563999409415,0.4313161075301079,0.6207475201631439,0.7190561200310253,0.42614004391389915,0.3924986613980892,0.8223145584694271,0.6696282782335397,0.27507475112984064
6.086111111111111,0.28736031884843816,0.3551144644570705,0.43357417204623694,0.6213120362921762,0.7196206361600576,0.4267045600429314,0.39306317752712144,0.8245726229855561,0.6718863427496686,0.2773328156459697
6.102777777777778,0.2879248349774704,0.35737252897319954,0.43583223656236597,0.6218765524212085,0.7201851522890899,0.42726907617196364,0.3936276936561537,0.8268306875016851,0.6741444072657976,0.2795908801620987
6.1194444444444445,0.28848935110650265,0.3596305934893286,0.438090301078495,0.6224410685502408,0.7207496684181222,0.4278335923009959,0.39419220978518593,0.8290887520178141,0.6764024717819266,0.28184894467822774
6.136111111111111,0.2890538672355349,0.3618886580054576,0.44034836559462404,0.6230055846792731,0.7213141845471545,0.4283981084300281,0.3947567259142182,0.831346816533943,0.6786605362980556,0.2841070091943568
6.152777777777778,0.28961838336456713,0.36414672252158664,0.44260643011075307,0.6235701008083054,0.7218787006761868,0.42896262455906037,0.3953212420432504,0.833604881050072,0.6809186008141845,0.2863650737104858
6.169444444444444,0.2901828994935994,0.3664047870377157,0.4448644946268821,0.6241346169373377,0.7224432168052191,0.4295271406880926,0.39588575817228266,0.835862945566201,0.6831766653303135,0.28862313822661484
6.186111111111111,0.2907474156226316,0.3686628515538447,0.44712255914301113,0.62469913306637,0.7230077329342514,0.43009165681712486,0.3964502743013149,0.83812101008233,0.6854347298464425,0.29088120274274387
6.2027777777777775,0.29131193175166387,0.37092091606997374,0.44938062365914017,0.6252636491954023,0.7235722490632837,0.4306561729461571,0.39701479043034715,0.840379074598459,0.6876927943625715,0.2931392672588729
6.219444444444444,0.2918764478806961,0.37317898058610277,0.4516386881752692,0.6258281653244346,0.724136765192316,0.43122068907518935,0.3975793065593794,0.8426371391145879,0.6899508588787004,0.29539733177500194
6.236111111111111,0.29244096400972835,0.3754370451022318,0.45389675269139823,0.6263926814534669,0.7247012813213483,0.4317852052042216,0.39814382268841164,0.8448952036307169,0.6922089233948294,0.29765539629113097
6.252777777777778,0.2930054801387606,0.37769510961836084,0.45615481720752726,0.6269571975824992,0.7252657974503806,0.43234972133325383,0.3987083388174439,0.8471532681468459,0.6944669879109584,0.29991346080726
6.269444444444445,0.29356999626779284,0.37995317413448987,0.4584128817236563,0.6275217137115315,0.7258303135794129,0.4329142374622861,0.39927285494647613,0.8494113326629749,0.6967250524270874,0.30217152532338903
6.286111111111111,0.2941345123968251,0.3822112386506189,0.46067094623978533,0.6280862298405638,0.7263948297084452,0.4334787535913183,0.3998373710755084,0.8516693971791038,0.6989831169432164,0.30442958983951807
6.302777777777778,0.29469902852585733,0.38446930316674793,0.46292901075591436,0.6286507459695961,0.7269593458374775,0.43404326972035057,0.4004018872045406,0.8539274616952328,0.7012411814593453,0.3066876543556471
6.319444444444445,0.2952635446548896,0.38672736768287697,0.4651870752720434,0.6292152620986284,0.7275238619665098,0.4346077858493828,0.40096640333357286,0.8561855262113618,0.7034992459754743,0.30894571887177613
6.336111111111111,0.2958280607839218,0.388985432199006,0.4674451397881724,0.6297797782276607,0.728088378095542,0.43517230197841505,0.4015309194626051,0.8584435907274908,0.7057573104916033,0.31120378338790516
6.352777777777778,0.29639257691295406,0.39124349671513503,0.46970320430430146,0.630344294356693,0.7286528942245744,0.4357368181074473,0.40209543559163735,0.8607016552436197,0.7080153750077323,0.3134618479040342
6.3694444444444445,0.2969570930419863,0.39350156123126406,0.4719612688204305,0.6309088104857253,0.7292174103536067,0.43630133423647954,0.4026599517206696,0.8629597197597487,0.7102734395238612,0.31571991242016323
6.386111111111111,0.29752160917101855,0.3957596257473931,0.4742193333365595,0.6314733266147576,0.729781926482639,0.4368658503655118,0.40322446784970184,0.8652177842758777,0.7125315040399902,0.31797797693629226
6.402777777777778,0.2980861253000508,0.39801769026352213,0.47647739785268856,0.6320378427437899,0.7303464426116713,0.43743036649454403,0.4037889839787341,0.8674758487920067,0.7147895685561192,0.3202360414524213
6.419444444444444,0.29865064142908304,0.40027575477965116,0.4787354623688176,0.6326023588728222,0.7309109587407036,0.4379948826235763,0.40435350010776633,0.8697339133081357,0.7170476330722482,0.3224941059685503
6.436111111111111,0.2992151575581153,0.4025338192957802,0.4809935268849466,0.6331668750018545,0.7314754748697359,0.4385593987526085,0.4049180162367986,0.8719919778242646,0.7193056975883771,0.32475217048467936
6.4527777777777775,0.29977967368714753,0.4047918838119092,0.48325159140107565,0.6337313911308868,0.7320399909987682,0.43912391488164076,0.4054825323658308,0.8742500423403936,0.7215637621045061,0.3270102350008084
6.469444444444444,0.3003441898161798,0.40704994832803826,0.4855096559172047,0.6342959072599191,0.7326045071278005,0.439688431010673,0.40604704849486306,0.8765081068565226,0.7238218266206351,0.3292682995169374
6.486111111111111,0.300908705945212,0.4093080128441673,0.4877677204333337,0.6348604233889514,0.7331690232568328,0.44025294713970525,0.4066115646238953,0.8787661713726516,0.7260798911367641,0.33152636403306646
6.502777777777778,0.30147322207424426,0.4115660773602963,0.49002578494946275,0.6354249395179837,0.733733539385865,0.4408174632687375,0.40717608075292755,0.8810242358887805,0.728337955652893,0.3337844285491955
6.519444444444445,0.3020377382032765,0.41382414187642536,0.4922838494655918,0.635989455647016,0.7342980555148974,0.44138197939776974,0.4077405968819598,0.8832823004049095,0.730596020169022,0.3360424930653245
6.536111111111111,0.30260225433230875,0.4160822063925544,0.4945419139817208,0.6365539717760483,0.7348625716439297,0.441946495526802,0.40830511301099204,0.8855403649210385,0.732854084685151,0.33830055758145355
6.552777777777778,0.303166770461341,0.4183402709086834,0.49679997849784985,0.6371184879050806,0.735427087772962,0.44251101165583423,0.4088696291400243,0.8877984294371675,0.73511214920128,0.3405586220975826
6.569444444444445,0.30373128659037324,0.42059833542481245,0.4990580430139789,0.6376830040341129,0.7359916039019943,0.4430755277848665,0.4094341452690565,0.8900564939532964,0.737370213717409,0.3428166866137116
6.586111111111111,0.3042958027194055,0.4228563999409415,0.5013161075301079,0.6382475201631452,0.7365561200310266,0.4436400439138987,0.40999866139808877,0.8923145584694254,0.7396282782335379,0.34507475112984065
6.602777777777778,0.30486031884843773,0.4251144644570705,0.503574172046237,0.6388120362921775,0.7371206361600589,0.44420456004293096,0.410563177527121,0.8945726229855544,0.7418863427496669,0.3473328156459697
6.6194444444444445,0.30542483497746997,0.42737252897319955,0.505832236562366,0.6393765524212098,0.7376851522890912,0.4447690761719632,0.41112769365615326,0.8968306875016834,0.7441444072657959,0.3495908801620987
6.636111111111111,0.3059893511065022,0.4296305934893286,0.508090301078495,0.6399410685502421,0.7382496684181235,0.44533359230099545,0.4116922097851855,0.8990887520178124,0.7464024717819249,0.35184894467822775
6.652777777777778,0.30655386723553446,0.4318886580054576,0.5103483655946239,0.6405055846792744,0.7388141845471558,0.4458981084300277,0.41225672591421775,0.9013468165339413,0.7486605362980538,0.3541070091943568
6.669444444444444,0.3071183833645667,0.43414672252158665,0.5126064301107529,0.6410701008083067,0.739378700676188,0.44646262455905994,0.41282124204325,0.28145587105947356,0.7509186008141828,0.3563650737104858
6.686111111111111,0.30768289949359895,0.4364047870377157,0.5148644946268819,0.641634616937339,0.7399432168052203,0.4470271406880922,0.41338575817228224,0.2820203871885058,0.7531766653303118,0.35862313822661485
6.7027777777777775,0.3082474156226312,0.4386628515538447,0.5171225591430109,0.6421991330663713,0.7405077329342526,0.44759165681712443,0.4139502743013145,0.28258490331753805,0.7554347298464408,0.3608812027427439
6.719444444444444,0.30881193175166344,0.44092091606997375,0.5193806236591398,0.6427636491954036,0.741072249063285,0.4481561729461567,0.4145147904303467,0.2831494194465703,0.7576927943625698,0.3631392672588729
6.736111111111111,0.3093764478806957,0.4431789805861028,0.5216386881752688,0.6433281653244359,0.7416367651923172,0.4487206890751889,0.41507930655937897,0.28371393557560254,0.7599508588786987,0.36539733177500194
6.752777777777778,0.3099409640097279,0.4454370451022318,0.5238967526913978,0.6438926814534682,0.7422012813213495,0.44928520520422116,0.4156438226884112,0.2842784517046348,0.7622089233948277,0.367655396291131
6.769444444444445,0.31050548013876017,0.44769510961836084,0.5261548172075268,0.6444571975825005,0.7427657974503818,0.4498497213332534,0.41620833881744346,0.284842967833667,0.7644669879109567,0.36991346080726
6.786111111111111,0.3110699962677924,0.4499531741344899,0.5284128817236557,0.6450217137115328,0.7433303135794141,0.45041423746228565,0.4167728549464757,0.28540748396269927,0.7667250524270857,0.37217152532338904
6.802777777777778,0.31163451239682466,0.4522112386506189,0.5306709462397847,0.6455862298405651,0.7438948297084464,0.4509787535913179,0.41733737107550795,0.2859720000917315,0.7689831169432146,0.3744295898395181
6.819444444444445,0.3121990285258569,0.45446930316674794,0.5329290107559137,0.6461507459695974,0.7444593458374787,0.45154326972035014,0.4179018872045402,0.28653651622076376,0.7712411814593436,0.3766876543556471
6.836111111111111,0.31276354465488915,0.456727367682877,0.5351870752720427,0.6467152620986297,0.745023861966511,0.4521077858493824,0.41846640333357243,0.287101032349796,0.7734992459754726,0.37894571887177614
6.852777777777778,0.3133280607839214,0.458985432199006,0.5374451397881717,0.647279778227662,0.7455883780955433,0.4526723019784146,0.4190309194626047,0.28766554847882825,0.7757573104916016,0.38120378338790517
6.8694444444444445,0.31389257691295364,0.46124349671513504,0.5397032043043006,0.6478442943566943,0.7461528942245756,0.45323681810744687,0.4195954355916369,0.2882300646078605,0.7780153750077305,0.3834618479040342
6.886111111111111,0.3144570930419859,0.46350156123126407,0.5419612688204296,0.6484088104857266,0.746717410353608,0.4538013342364791,0.42015995172066917,0.28879458073689274,0.7802734395238595,0.38571991242016324
6.902777777777778,0.3150216091710181,0.4657596257473931,0.5442193333365586,0.6489733266147589,0.7472819264826402,0.45436585036551136,0.4207244678497014,0.289359096865925,0.7825315040399885,0.38797797693629227
6.919444444444444,0.31558612530005037,0.46801769026352213,0.5464773978526876,0.6495378427437912,0.7478464426116725,0.4549303664945436,0.42128898397873366,0.2899236129949572,0.7847895685561175,0.3902360414524213
6.936111111111111,0.3161506414290826,0.47027575477965117,0.5487354623688165,0.6501023588728235,0.7484109587407048,0.45549488262357585,0.4218535001077659,0.29048812912398947,0.7870476330722465,0.39249410596855033
6.9527777777777775,0.31671515755811486,0.4725338192957802,0.5509935268849455,0.6506668750018558,0.7489754748697371,0.4560593987526081,0.42241801623679814,0.2910526452530217,0.7893056975883754,0.39475217048467937
6.969444444444444,0.3172796736871471,0.47479188381190923,0.5532515914010745,0.6512313911308881,0.7495399909987694,0.45662391488164034,0.4229825323658304,0.29161716138205396,0.7915637621045044,0.3970102350008084
6.986111111111111,0.31784418981617935,0.47704994832803826,0.5555096559172035,0.6517959072599204,0.7501045071278017,0.4571884310106726,0.42354704849486263,0.2921816775110862,0.7938218266206334,0.39926829951693743
7.002777777777778,0.3184087059452116,0.4793080128441673,0.5577677204333324,0.6523604233889527,0.750669023256834,0.4577529471397048,0.4241115646238949,0.29274619364011845,0.7960798911367624,0.40152636403306646
7.019444444444445,0.31897322207424383,0.48156607736029633,0.5600257849494614,0.652924939517985,0.7512335393858663,0.45831746326873707,0.4246760807529271,0.2933107097691507,0.7983379556528913,0.4037844285491955
7.036111111111111,0.3195377382032761,0.48382414187642536,0.5622838494655904,0.6534894556470173,0.7517980555148986,0.4588819793977693,0.42524059688195937,0.29387522589818293,0.8005960201690203,0.40604249306532453
7.052777777777778,0.3201022543323083,0.4860822063925544,0.5645419139817194,0.6540539717760496,0.7523625716439309,0.45944649552680156,0.4258051130109916,0.2944397420272152,0.8028540846851493,0.40830055758145356
7.069444444444445,0.32066677046134057,0.4883402709086834,0.5667999784978484,0.6546184879050819,0.7529270877729632,0.4600110116558338,0.42636962914002385,0.2950042581562474,0.8051121492012783,0.4105586220975826
7.086111111111111,0.3212312865903728,0.49059833542481246,0.5690580430139773,0.6551830040341142,0.7534916039019955,0.46057552778486605,0.4269341452690561,0.29556877428527967,0.8073702137174072,0.4128166866137116
7.102777777777778,0.32179580271940506,0.4928563999409415,0.5713161075301063,0.6557475201631465,0.7540561200310278,0.4611400439138983,0.42749866139808834,0.2961332904143119,0.8096282782335362,0.41507475112984066
7.1194444444444445,0.3223603188484373,0.4951144644570705,0.5735741720462353,0.6563120362921788,0.7546206361600601,0.46170456004293053,0.4280631775271206,0.29669780654334416,0.8118863427496652,0.4173328156459697
7.136111111111111,0.32292483497746954,0.49737252897319956,0.5758322365623643,0.6568765524212111,0.7551851522890924,0.4622690761719628,0.42862769365615283,0.2972623226723764,0.8141444072657942,0.4195908801620987
7.152777777777778,0.3234893511065018,0.4996305934893286,0.5780903010784932,0.6574410685502434,0.7557496684181247,0.462833592300995,0.4291922097851851,0.29782683880140864,0.8164024717819232,0.42184894467822776
7.169444444444444,0.32405386723553403,0.5018886580054576,0.5803483655946222,0.6580055846792757,0.756314184547157,0.46339810843002727,0.4297567259142173,0.2983913549304409,0.8186605362980521,0.4241070091943568
7.186111111111111,0.3246183833645663,0.5041467225215865,0.5826064301107512,0.658570100808308,0.7568787006761893,0.4639626245590595,0.43032124204324956,0.29895587105947313,0.8209186008141811,0.4263650737104858
7.2027777777777775,0.3251828994935985,0.5064047870377155,0.5848644946268802,0.6591346169373403,0.7574432168052216,0.46452714068809176,0.4308857581722818,0.2995203871885054,0.8231766653303101,0.42862313822661485
7.219444444444444,0.32574741562263076,0.5086628515538445,0.5871225591430091,0.6596991330663726,0.7580077329342539,0.465091656817124,0.43145027430131405,0.3000849033175376,0.8254347298464391,0.4308812027427439
7.236111111111111,0.326311931751663,0.5109209160699735,0.5893806236591381,0.6602636491954049,0.7585722490632862,0.46565617294615624,0.4320147904303463,0.30064941944656987,0.827692794362568,0.4331392672588729
7.252777777777778,0.32687644788069525,0.5131789805861025,0.5916386881752671,0.6608281653244372,0.7591367651923185,0.4662206890751885,0.43257930655937854,0.3012139355756021,0.829950858878697,0.43539733177500195
7.269444444444445,0.3274409640097275,0.5154370451022314,0.5938967526913961,0.6613926814534695,0.7597012813213508,0.46678520520422073,0.4331438226884108,0.30177845170463435,0.832208923394826,0.437655396291131
7.286111111111111,0.32800548013875974,0.5176951096183604,0.5961548172075251,0.6619571975825018,0.7602657974503831,0.467349721333253,0.43370833881744303,0.3023429678336666,0.834466987910955,0.43991346080726
7.302777777777778,0.328569996267792,0.5199531741344894,0.598412881723654,0.6625217137115341,0.7608303135794154,0.4679142374622852,0.4342728549464753,0.30290748396269884,0.836725052427084,0.44217152532338905
7.319444444444445,0.32913451239682423,0.5222112386506184,0.600670946239783,0.6630862298405664,0.7613948297084477,0.46847875359131746,0.4348373710755075,0.3034720000917311,0.8389831169432129,0.4444295898395181
7.336111111111111,0.3296990285258565,0.5244693031667473,0.602929010755912,0.6636507459695987,0.76195934583748,0.4690432697203497,0.43540188720453976,0.30403651622076333,0.8412411814593419,0.4466876543556471
7.352777777777778,0.3302635446548887,0.5267273676828763,0.605187075272041,0.664215262098631,0.7625238619665123,0.46960778584938195,0.435966403333572,0.3046010323497956,0.8434992459754709,0.44894571887177614
7.3694444444444445,0.33082806078392096,0.5289854321990053,0.6074451397881699,0.6647797782276633,0.7630883780955446,0.4701723019784142,0.43653091946260425,0.3051655484788278,0.8457573104915999,0.4512037833879052
7.386111111111111,0.3313925769129532,0.5312434967151343,0.6097032043042989,0.6653442943566956,0.7636528942245769,0.47073681810744644,0.4370954355916365,0.30573006460786006,0.8480153750077288,0.4534618479040342
7.402777777777778,0.33195709304198545,0.5335015612312632,0.6119612688204279,0.6659088104857279,0.7642174103536092,0.4713013342364787,0.43765995172066874,0.3062945807368923,0.8502734395238578,0.45571991242016324
7.419444444444444,0.3325216091710177,0.5357596257473922,0.6142193333365569,0.6664733266147602,0.7647819264826415,0.47186585036551093,0.438224467849701,0.30685909686592455,0.8525315040399868,0.4579779769362923
7.436111111111111,0.33308612530004994,0.5380176902635212,0.6164773978526858,0.6670378427437925,0.7653464426116738,0.4724303664945432,0.4387889839787332,0.3074236129949568,0.8547895685561158,0.4602360414524213
7.4527777777777775,0.3336506414290822,0.5402757547796502,0.6187354623688148,0.6676023588728248,0.7659109587407061,0.4729948826235754,0.43935350010776547,0.30798812912398904,0.8570476330722447,0.46249410596855034
7.469444444444444,0.33421515755811443,0.5425338192957792,0.6209935268849438,0.6681668750018571,0.7664754748697384,0.47355939875260766,0.4399180162367977,0.3085526452530213,0.8593056975883737,0.46475217048467937
7.486111111111111,0.3347796736871467,0.5447918838119081,0.6232515914010728,0.6687313911308894,0.7670399909987707,0.4741239148816399,0.44048253236582996,0.30911716138205353,0.8615637621045027,0.4670102350008084
7.502777777777778,0.3353441898161789,0.5470499483280371,0.6255096559172018,0.6692959072599217,0.767604507127803,0.47468843101067215,0.4410470484948622,0.3096816775110858,0.8638218266206317,0.46926829951693744
7.519444444444445,0.33590870594521116,0.5493080128441661,0.6277677204333307,0.669860423388954,0.7681690232568353,0.4752529471397044,0.44161156462389445,0.310246193640118,0.8660798911367606,0.47152636403306647
7.536111111111111,0.3364732220742434,0.5515660773602951,0.6300257849494597,0.6704249395179863,0.7687335393858676,0.47581746326873664,0.4421760807529267,0.31081070976915026,0.8683379556528896,0.4737844285491955
7.552777777777778,0.33703773820327565,0.553824141876424,0.6322838494655887,0.6709894556470186,0.7692980555148999,0.4763819793977689,0.44274059688195894,0.3113752258981825,0.8705960201690186,0.47604249306532453
7.569444444444445,0.3376022543323079,0.556082206392553,0.6345419139817177,0.6715539717760509,0.7698625716439322,0.47694649552680113,0.4433051130109912,0.31193974202721475,0.8728540846851476,0.47830055758145357
7.586111111111111,0.33816677046134014,0.558340270908682,0.6367999784978466,0.6721184879050832,0.7704270877729645,0.4775110116558334,0.4438696291400234,0.312504258156247,0.8751121492012766,0.4805586220975826
7.602777777777778,0.3387312865903724,0.560598335424811,0.6390580430139756,0.6726830040341155,0.7709916039019968,0.4780755277848656,0.44443414526905567,0.31306877428527924,0.8773702137174055,0.48281668661371163
7.6194444444444445,0.3392958027194046,0.5628563999409399,0.6413161075301046,0.6732475201631478,0.7715561200310291,0.47864004391389786,0.4449986613980879,0.3136332904143115,0.8796282782335345,0.48507475112984066
7.636111111111111,0.33986031884843687,0.5651144644570689,0.6435741720462336,0.6738120362921801,0.7721206361600614,0.4792045600429301,0.44556317752712016,0.3141978065433437,0.8818863427496635,0.4873328156459697
7.652777777777778,0.3404248349774691,0.5673725289731979,0.6458322365623625,0.6743765524212124,0.7726851522890937,0.47976907617196235,0.4461276936561524,0.31476232267237597,0.8841444072657925,0.48959088016209873
7.669444444444444,0.34098935110650136,0.5696305934893269,0.6480903010784915,0.6749410685502447,0.773249668418126,0.4803335923009946,0.44669220978518465,0.3153268388014082,0.8864024717819214,0.49184894467822776
7.686111111111111,0.3415538672355336,0.5718886580054559,0.6503483655946205,0.675505584679277,0.7738141845471583,0.48089810843002684,0.4472567259142169,0.31589135493044046,0.8886605362980504,0.4941070091943568
7.7027777777777775,0.34211838336456585,0.5741467225215848,0.6526064301107495,0.6760701008083093,0.7743787006761906,0.4814626245590591,0.44782124204324913,0.3164558710594727,0.8909186008141794,0.4963650737104858
7.719444444444444,0.3426828994935981,0.5764047870377138,0.6548644946268785,0.6766346169373416,0.7749432168052229,0.4820271406880913,0.4483857581722814,0.31702038718850495,0.8931766653303084,0.49862313822661486
7.736111111111111,0.34324741562263034,0.5786628515538428,0.6571225591430074,0.6771991330663739,0.7755077329342552,0.48259165681712357,0.4489502743013136,0.3175849033175372,0.8954347298464373,0.5008812027427438
7.752777777777778,0.3438119317516626,0.5809209160699718,0.6593806236591364,0.6777636491954062,0.7760722490632875,0.4831561729461558,0.44951479043034587,0.31814941944656944,0.8976927943625663,0.5031392672588728
7.769444444444445,0.3443764478806948,0.5831789805861007,0.6616386881752654,0.6783281653244385,0.7766367651923198,0.48372068907518806,0.4500793065593781,0.3187139355756017,0.8999508588786953,0.5053973317750018
7.786111111111111,0.34494096400972707,0.5854370451022297,0.6638967526913944,0.6788926814534708,0.7772012813213521,0.4842852052042203,0.45064382268841036,0.3192784517046339,0.9022089233948243,0.5076553962911308
7.802777777777778,0.3455054801387593,0.5876951096183587,0.6661548172075233,0.6794571975825031,0.7777657974503844,0.48484972133325255,0.4512083388174426,0.31984296783366617,0.13681948317871295,0.5099134608072597
7.819444444444445,0.34606999626779156,0.5899531741344877,0.6684128817236523,0.6800217137115354,0.7783303135794167,0.4854142374622848,0.45177285494647484,0.3204074839626984,0.13907754769484199,0.5121715253233887
7.836111111111111,0.3466345123968238,0.5922112386506166,0.6706709462397813,0.6805862298405677,0.778894829708449,0.48597875359131704,0.4523373710755071,0.32097200009173066,0.14133561221097102,0.5144295898395177
7.852777777777778,0.34719902852585605,0.5944693031667456,0.6729290107559103,0.6811507459696,0.7794593458374813,0.4865432697203493,0.45290188720453933,0.3215365162207629,0.14359367672710005,0.5166876543556467
7.8694444444444445,0.3477635446548883,0.5967273676828746,0.6751870752720392,0.6817152620986323,0.7800238619665136,0.4871077858493815,0.4534664033335716,0.32210103234979515,0.14585174124322908,0.5189457188717757
7.886111111111111,0.34832806078392053,0.5989854321990036,0.6774451397881682,0.6822797782276646,0.7805883780955459,0.48767230197841377,0.4540309194626038,0.3226655484788274,0.14810980575935812,0.5212037833879046
7.902777777777778,0.3488925769129528,0.6012434967151326,0.6797032043042972,0.6828442943566969,0.7811528942245782,0.488236818107446,0.45459543559163607,0.32323006460785964,0.15036787027548715,0.5234618479040336
7.919444444444444,0.349457093041985,0.6035015612312615,0.6819612688204262,0.6834088104857292,0.7817174103536105,0.48880133423647826,0.4551599517206683,0.3237945807368919,0.15262593479161618,0.5257199124201626
7.936111111111111,0.35002160917101727,0.6057596257473905,0.6842193333365552,0.6839733266147615,0.7822819264826428,0.4893658503655105,0.45572446784970055,0.3243590968659241,0.1548839993077452,0.5279779769362916
7.9527777777777775,0.3505861253000495,0.6080176902635195,0.6864773978526841,0.6845378427437938,0.7828464426116751,0.48993036649454275,0.4562889839787328,0.32492361299495637,0.15714206382387425,0.5302360414524205
7.969444444444444,0.35115064142908176,0.6102757547796485,0.6887354623688131,0.6851023588728261,0.7834109587407074,0.490494882623575,0.45685350010776504,0.3254881291239886,0.15940012834000328,0.5324941059685495
7.986111111111111,0.351715157558114,0.6125338192957774,0.6909935268849421,0.6856668750018584,0.7839754748697397,0.49105939875260723,0.4574180162367973,0.32605264525302086,0.1616581928561323,0.5347521704846785
8.002777777777778,0.35227967368714624,0.6147918838119064,0.6932515914010711,0.6862313911308907,0.784539990998772,0.4916239148816395,0.45798253236582953,0.3266171613820531,0.16391625737226134,0.5370102350008075
8.019444444444444,0.3528441898161785,0.6170499483280354,0.6955096559172,0.686795907259923,0.7851045071278043,0.4921884310106717,0.4585470484948618,0.32718167751108534,0.16617432188839037,0.5392682995169364
8.036111111111111,0.35340870594521073,0.6193080128441644,0.697767720433329,0.6873604233889553,0.7856690232568366,0.49275294713970397,0.459111564623894,0.3277461936401176,0.1684323864045194,0.5415263640330654
8.052777777777777,0.353973222074243,0.6215660773602933,0.700025784949458,0.6879249395179876,0.7862335393858689,0.4933174632687362,0.45967608075292626,0.32831070976914983,0.17069045092064844,0.5437844285491944
8.069444444444445,0.3545377382032752,0.6238241418764223,0.702283849465587,0.6884894556470199,0.7867980555149012,0.49388197939776846,0.4602405968819585,0.3288752258981821,0.17294851543677747,0.5460424930653234
8.08611111111111,0.35510225433230747,0.6260822063925513,0.704541913981716,0.6890539717760522,0.7873625716439335,0.4944464955268007,0.46080511301099075,0.3294397420272143,0.1752065799529065,0.5483005575814524
8.102777777777778,0.3556667704613397,0.6283402709086803,0.7067999784978449,0.6896184879050845,0.7879270877729658,0.49501101165583294,0.461369629140023,0.33000425815624657,0.17746464446903554,0.5505586220975813
8.119444444444444,0.35623128659037195,0.6305983354248093,0.7090580430139739,0.6901830040341168,0.7884916039019981,0.4955755277848652,0.46193414526905524,0.3305687742852788,0.17972270898516457,0.5528166866137103
8.136111111111111,0.3567958027194042,0.6328563999409382,0.7113161075301029,0.6907475201631491,0.7890561200310304,0.49614004391389743,0.4624986613980875,0.33113329041431105,0.1819807735012936,0.5550747511298393
8.152777777777779,0.35736031884843644,0.6351144644570672,0.7135741720462319,0.6913120362921814,0.7896206361600627,0.4967045600429297,0.46306317752711973,0.3316978065433433,0.18423883801742263,0.5573328156459683
8.169444444444444,0.3579248349774687,0.6373725289731962,0.7158322365623608,0.6918765524212137,0.790185152289095,0.4972690761719619,0.463627693656152,0.33226232267237554,0.18649690253355167,0.5595908801620972
8.186111111111112,0.35848935110650093,0.6396305934893252,0.7180903010784898,0.692441068550246,0.7907496684181273,0.49783359230099417,0.4641922097851842,0.3328268388014078,0.1887549670496807,0.5618489446782262
8.202777777777778,0.3590538672355332,0.6418886580054541,0.7203483655946188,0.6930055846792783,0.7913141845471596,0.4983981084300264,0.46475672591421646,0.33339135493044003,0.19101303156580973,0.5641070091943552
8.219444444444445,0.3596183833645654,0.6441467225215831,0.7226064301107478,0.6935701008083106,0.7918787006761919,0.49896262455905865,0.4653212420432487,0.3339558710594723,0.19327109608193876,0.5663650737104842
8.23611111111111,0.36018289949359766,0.6464047870377121,0.7248644946268767,0.6941346169373429,0.7924432168052242,0.4995271406880909,0.46588575817228095,0.3345203871885045,0.1955291605980678,0.5686231382266131
8.252777777777778,0.3607474156226299,0.6486628515538411,0.7271225591430057,0.6946991330663752,0.7930077329342565,0.5000916568171232,0.4664502743013132,0.33508490331753676,0.19778722511419683,0.5708812027427421
8.269444444444444,0.36131193175166215,0.65092091606997,0.7293806236591347,0.6952636491954075,0.7935722490632888,0.5006561729461555,0.46701479043034544,0.335649419446569,0.20004528963032586,0.5731392672588711
8.286111111111111,0.3618764478806944,0.653178980586099,0.7316386881752637,0.6958281653244398,0.7941367651923211,0.5012206890751878,0.4675793065593777,0.33621393557560125,0.2023033541464549,0.5753973317750001
8.302777777777777,0.36244096400972664,0.655437045102228,0.7338967526913927,0.6963926814534721,0.7947012813213534,0.5017852052042201,0.4681438226884099,0.3367784517046335,0.20456141866258393,0.577655396291129
8.319444444444445,0.3630054801387589,0.657695109618357,0.7361548172075216,0.6969571975825044,0.7952657974503857,0.5023497213332524,0.46870833881744217,0.33734296783366574,0.20681948317871296,0.579913460807258
8.33611111111111,0.36356999626779113,0.659953174134486,0.7384128817236506,0.6975217137115367,0.795830313579418,0.5029142374622847,0.4692728549464744,0.337907483962698,0.209077547694842,0.582171525323387
8.352777777777778,0.3641345123968234,0.6622112386506149,0.7406709462397796,0.698086229840569,0.7963948297084503,0.503478753591317,0.46983737107550666,0.33847200009173023,0.21133561221097102,0.584429589839516
8.369444444444444,0.3646990285258556,0.6644693031667439,0.7429290107559086,0.6986507459696013,0.7969593458374826,0.5040432697203493,0.4704018872045389,0.3390365162207625,0.21359367672710006,0.586687654355645
8.386111111111111,0.36526354465488786,0.6667273676828729,0.7451870752720375,0.6992152620986336,0.7975238619665149,0.5046077858493816,0.47096640333357115,0.3396010323497947,0.2158517412432291,0.5889457188717739
8.402777777777779,0.3658280607839201,0.6689854321990019,0.7474451397881665,0.6997797782276659,0.7980883780955472,0.5051723019784139,0.4715309194626034,0.34016554847882696,0.21810980575935812,0.5912037833879029
8.419444444444444,0.36639257691295235,0.6712434967151308,0.7497032043042955,0.7003442943566982,0.7986528942245795,0.5057368181074462,0.47209543559163564,0.3407300646078592,0.22036787027548715,0.5934618479040319
8.436111111111112,0.3669570930419846,0.6735015612312598,0.7519612688204245,0.7009088104857305,0.7992174103536118,0.5063013342364785,0.4726599517206679,0.34129458073689145,0.2226259347916162,0.5957199124201609
8.452777777777778,0.36752160917101684,0.6757596257473888,0.7542193333365534,0.7014733266147628,0.7997819264826441,0.5068658503655108,0.4732244678497001,0.3418590968659237,0.22488399930774522,0.5979779769362898
8.469444444444445,0.3680861253000491,0.6780176902635178,0.7564773978526824,0.7020378427437951,0.8003464426116764,0.5074303664945431,0.47378898397873237,0.34242361299495594,0.22714206382387425,0.6002360414524188
8.48611111111111,0.3686506414290813,0.6802757547796467,0.7587354623688114,0.7026023588728274,0.8009109587407087,0.5079948826235754,0.4743535001077646,0.3429881291239882,0.22940012834000328,0.6024941059685478
8.502777777777778,0.36921515755811357,0.6825338192957757,0.7609935268849404,0.7031668750018597,0.801475474869741,0.5085593987526077,0.47491801623679686,0.34355264525302043,0.23165819285613232,0.6047521704846768
8.519444444444444,0.3697796736871458,0.6847918838119047,0.7632515914010694,0.703731391130892,0.8020399909987733,0.50912391488164,0.4754825323658291,0.34411716138205267,0.23391625737226135,0.6070102350008058
8.536111111111111,0.37034418981617806,0.6870499483280337,0.7655096559171983,0.7042959072599243,0.8026045071278056,0.5096884310106723,0.47604704849486135,0.3446816775110849,0.23617432188839038,0.6092682995169347
8.552777777777777,0.3709087059452103,0.6893080128441627,0.7677677204333273,0.7048604233889566,0.8031690232568379,0.5102529471397046,0.4766115646238936,0.34524619364011716,0.23843238640451941,0.6115263640330637
8.569444444444445,0.37147322207424255,0.6915660773602916,0.7700257849494563,0.7054249395179889,0.8037335393858702,0.5108174632687369,0.47717608075292584,0.3458107097691494,0.24069045092064845,0.6137844285491927
8.58611111111111,0.3720377382032748,0.6938241418764206,0.7722838494655853,0.7059894556470212,0.8042980555149025,0.5113819793977692,0.4777405968819581,0.34637522589818165,0.24294851543677748,0.6160424930653217
8.602777777777778,0.37260225433230704,0.6960822063925496,0.7745419139817142,0.7065539717760535,0.8048625716439348,0.5119464955268015,0.4783051130109903,0.3469397420272139,0.2452065799529065,0.6183005575814506
8.619444444444444,0.3731667704613393,0.6983402709086786,0.7767999784978432,0.7071184879050858,0.8054270877729671,0.5125110116558338,0.47886962914002257,0.34750425815624614,0.24746464446903554,0.6205586220975796
8.636111111111111,0.3737312865903715,0.7005983354248075,0.7790580430139722,0.7076830040341181,0.8059916039019994,0.5130755277848661,0.4794341452690548,0.3480687742852784,0.24972270898516458,0.6228166866137086
8.652777777777779,0.37429580271940377,0.7028563999409365,0.7813161075301012,0.7082475201631504,0.8065561200310317,0.5136400439138984,0.47999866139808706,0.3486332904143106,0.2519807735012936,0.6250747511298376
8.669444444444444,0.374860318848436,0.7051144644570655,0.7835741720462301,0.7088120362921827,0.807120636160064,0.5142045600429307,0.4805631775271193,0.34919780654334287,0.25423883801742264,0.6273328156459665
8.686111111111112,0.37542483497746826,0.7073725289731945,0.7858322365623591,0.709376552421215,0.8076851522890963,0.514769076171963,0.48112769365615154,0.3497623226723751,0.2564969025335517,0.6295908801620955
8.702777777777778,0.3759893511065005,0.7096305934893234,0.7880903010784881,0.7099410685502473,0.8082496684181286,0.5153335923009953,0.4816922097851838,0.35032683880140736,0.2587549670496807,0.6318489446782245
8.719444444444445,0.37655386723553275,0.7118886580054524,0.7903483655946171,0.7105055846792796,0.8088141845471609,0.5158981084300276,0.48225672591421603,0.3508913549304396,0.26101303156580974,0.6341070091943535
8.73611111111111,0.377118383364565,0.7141467225215814,0.792606430110746,0.7110701008083119,0.8093787006761932,0.5164626245590599,0.4828212420432483,0.35145587105947185,0.26327109608193877,0.6363650737104825
8.752777777777778,0.37768289949359724,0.7164047870377104,0.794864494626875,0.7116346169373442,0.8099432168052255,0.5170271406880922,0.4833857581722805,0.3520203871885041,0.2655291605980678,0.6386231382266114
8.769444444444444,0.3782474156226295,0.7186628515538394,0.797122559143004,0.7121991330663765,0.8105077329342578,0.5175916568171245,0.48395027430131277,0.35258490331753634,0.26778722511419684,0.6408812027427404
8.786111111111111,0.3788119317516617,0.7209209160699683,0.799380623659133,0.7127636491954088,0.8110722490632901,0.5181561729461568,0.484514790430345,0.3531494194465686,0.27004528963032587,0.6431392672588694
8.802777777777777,0.37937644788069397,0.7231789805860973,0.801638688175262,0.7133281653244411,0.8116367651923224,0.5187206890751891,0.48507930655937725,0.3537139355756008,0.2723033541464549,0.6453973317749984
8.819444444444445,0.3799409640097262,0.7254370451022263,0.8038967526913909,0.7138926814534734,0.8122012813213547,0.5192852052042214,0.4856438226884095,0.35427845170463307,0.27456141866258393,0.6476553962911273
8.83611111111111,0.38050548013875846,0.7276951096183553,0.8061548172075199,0.7144571975825057,0.812765797450387,0.5198497213332537,0.48620833881744174,0.3548429678336653,0.27681948317871297,0.6499134608072563
8.852777777777778,0.3810699962677907,0.7299531741344842,0.8084128817236489,0.715021713711538,0.8133303135794193,0.520414237462286,0.486772854946474,0.35540748396269756,0.279077547694842,0.6521715253233853
8.869444444444444,0.38163451239682294,0.7322112386506132,0.8106709462397779,0.7155862298405703,0.8138948297084516,0.5209787535913183,0.48733737107550623,0.3559720000917298,0.28133561221097103,0.6544295898395143
8.886111111111111,0.3821990285258552,0.7344693031667422,0.8129290107559068,0.7161507459696026,0.8144593458374839,0.5215432697203506,0.4879018872045385,0.35653651622076205,0.28359367672710006,0.6566876543556432
8.902777777777779,0.38276354465488743,0.7367273676828712,0.8151870752720358,0.7167152620986349,0.8150238619665162,0.5221077858493829,0.4884664033335707,0.3571010323497943,0.2858517412432291,0.6589457188717722
8.919444444444444,0.3833280607839197,0.7389854321990001,0.8174451397881648,0.7172797782276672,0.8155883780955485,0.5226723019784152,0.48903091946260296,0.35766554847882653,0.28810980575935813,0.6612037833879012
8.936111111111112,0.3838925769129519,0.7412434967151291,0.8197032043042938,0.7178442943566995,0.8161528942245808,0.5232368181074475,0.4895954355916352,0.3582300646078588,0.29036787027548716,0.6634618479040302
8.952777777777778,0.38445709304198417,0.7435015612312581,0.8219612688204228,0.7184088104857318,0.8167174103536131,0.5238013342364798,0.49015995172066745,0.358794580736891,0.2926259347916162,0.6657199124201592
8.969444444444445,0.3850216091710164,0.7457596257473871,0.8242193333365517,0.7189733266147641,0.8172819264826454,0.5243658503655121,0.4907244678496997,0.35935909686592327,0.2948839993077452,0.6679779769362881
8.98611111111111,0.38558612530004865,0.748017690263516,0.8264773978526807,0.7195378427437964,0.8178464426116777,0.5249303664945444,0.49128898397873194,0.3599236129949555,0.29714206382387426,0.6702360414524171
9.002777777777778,0.3861506414290809,0.750275754779645,0.8287354623688097,0.7201023588728287,0.81841095874071,0.5254948826235767,0.4918535001077642,0.36048812912398775,0.2994001283400033,0.6724941059685461
9.019444444444444,0.38671515755811314,0.752533819295774,0.8309935268849387,0.720666875001861,0.8189754748697423,0.526059398752609,0.49241801623679643,0.36105264525302,0.3016581928561323,0.6747521704846751
9.036111111111111,0.3872796736871454,0.754791883811903,0.8332515914010676,0.7212313911308933,0.8195399909987746,0.5266239148816413,0.4929825323658287,0.36161716138205224,0.30391625737226136,0.677010235000804
9.052777777777777,0.38784418981617763,0.757049948328032,0.8355096559171966,0.7217959072599256,0.8201045071278069,0.5271884310106736,0.4935470484948609,0.3621816775110845,0.3061743218883904,0.679268299516933
9.069444444444445,0.3884087059452099,0.7593080128441609,0.8377677204333256,0.7223604233889579,0.8206690232568392,0.5277529471397059,0.49411156462389316,0.36274619364011673,0.3084323864045194,0.681526364033062
9.08611111111111,0.3889732220742421,0.7615660773602899,0.8400257849494546,0.7229249395179902,0.8212335393858715,0.5283174632687382,0.4946760807529254,0.363310709769149,0.31069045092064845,0.683784428549191
9.102777777777778,0.38953773820327436,0.7638241418764189,0.8422838494655835,0.7234894556470225,0.8217980555149038,0.5288819793977705,0.49524059688195765,0.3638752258981812,0.3129485154367775,0.68604249306532
9.119444444444444,0.3901022543323066,0.7660822063925479,0.8445419139817125,0.7240539717760548,0.8223625716439361,0.5294464955268028,0.4958051130109899,0.36443974202721346,0.3152065799529065,0.6883005575814489
9.136111111111111,0.39066677046133885,0.7683402709086768,0.8467999784978415,0.7246184879050871,0.8229270877729684,0.5300110116558351,0.49636962914002214,0.3650042581562457,0.31746464446903555,0.6905586220975779
9.152777777777779,0.3912312865903711,0.7705983354248058,0.8490580430139705,0.7251830040341194,0.8234916039020007,0.5305755277848674,0.4969341452690544,0.36556877428527795,0.3197227089851646,0.6928166866137069
9.169444444444444,0.39179580271940334,0.7728563999409348,0.8513161075300995,0.7257475201631517,0.824056120031033,0.5311400439138997,0.49749866139808663,0.3661332904143102,0.3219807735012936,0.6950747511298359
9.186111111111112,0.3923603188484356,0.7751144644570638,0.8535741720462284,0.726312036292184,0.8246206361600653,0.531704560042932,0.49806317752711887,0.36669780654334244,0.32423883801742265,0.6973328156459648
9.202777777777778,0.39292483497746783,0.7773725289731928,0.8558322365623574,0.7268765524212163,0.8251851522890976,0.5322690761719643,0.4986276936561511,0.3672623226723747,0.3264969025335517,0.6995908801620938
9.219444444444445,0.3934893511065001,0.7796305934893217,0.8580903010784864,0.7274410685502486,0.8257496684181299,0.5328335923009966,0.49919220978518336,0.36782683880140693,0.3287549670496807,0.7018489446782228
9.23611111111111,0.3940538672355323,0.7818886580054507,0.8603483655946154,0.7280055846792809,0.8263141845471622,0.5333981084300289,0.4997567259142156,0.3683913549304392,0.33101303156580975,0.7041070091943518
9.252777777777778,0.39461838336456456,0.7841467225215797,0.8626064301107443,0.7285701008083132,0.8268787006761945,0.5339626245590612,0.5003212420432479,0.3689558710594714,0.3332710960819388,0.7063650737104807
9.269444444444444,0.3951828994935968,0.7864047870377087,0.8648644946268733,0.7291346169373455,0.8274432168052268,0.5345271406880935,0.5008857581722802,0.36952038718850366,0.3355291605980678,0.7086231382266097
9.286111111111111,0.39574741562262905,0.7886628515538376,0.8671225591430023,0.7296991330663778,0.8280077329342591,0.5350916568171258,0.5014502743013125,0.3700849033175359,0.33778722511419684,0.7108812027427387
9.302777777777777,0.3963119317516613,0.7909209160699666,0.8693806236591313,0.7302636491954101,0.8285722490632914,0.5356561729461581,0.5020147904303448,0.37064941944656815,0.3400452896303259,0.7131392672588677
9.319444444444445,0.39687644788069354,0.7931789805860956,0.8716386881752602,0.7308281653244424,0.8291367651923237,0.5362206890751904,0.5025793065593771,0.3712139355756004,0.3423033541464549,0.7153973317749966
9.33611111111111,0.3974409640097258,0.7954370451022246,0.8738967526913892,0.7313926814534747,0.829701281321356,0.5367852052042227,0.5031438226884094,0.37177845170463264,0.34456141866258394,0.7176553962911256
9.352777777777778,0.398005480138758,0.7976951096183535,0.8761548172075182,0.731957197582507,0.8302657974503883,0.537349721333255,0.5037083388174417,0.3723429678336649,0.346819483178713,0.7199134608072546
9.369444444444444,0.39856999626779027,0.7999531741344825,0.8784128817236472,0.7325217137115393,0.8308303135794206,0.5379142374622873,0.504272854946474,0.37290748396269713,0.349077547694842,0.7221715253233836
9.386111111111111,0.3991345123968225,0.8022112386506115,0.8806709462397762,0.7330862298405716,0.8313948297084529,0.5384787535913196,0.5048373710755063,0.3734720000917294,0.35133561221097104,0.7244295898395126
9.402777777777779,0.39969902852585476,0.8044693031667405,0.8829290107559051,0.7336507459696039,0.8319593458374852,0.5390432697203519,0.5054018872045386,0.3740365162207616,0.35359367672710007,0.7266876543556415
9.419444444444444,0.400263544654887,0.8067273676828695,0.8851870752720341,0.7342152620986362,0.8325238619665175,0.5396077858493842,0.5059664033335709,0.37460103234979386,0.3558517412432291,0.7289457188717705
9.436111111111112,0.40082806078391925,0.8089854321989984,0.8874451397881631,0.7347797782276685,0.8330883780955498,0.5401723019784165,0.5065309194626032,0.3751655484788261,0.35810980575935814,0.7312037833878995
9.452777777777778,0.4013925769129515,0.8112434967151274,0.8897032043042921,0.7353442943567008,0.8336528942245821,0.5407368181074488,0.5070954355916355,0.37573006460785835,0.36036787027548717,0.7334618479040285
9.469444444444445,0.40195709304198374,0.8135015612312564,0.891961268820421,0.7359088104857331,0.8342174103536144,0.5413013342364811,0.5076599517206678,0.3762945807368906,0.3626259347916162,0.7357199124201574
9.48611111111111,0.402521609171016,0.8157596257473854,0.89421933333655,0.7364733266147654,0.8347819264826467,0.5418658503655134,0.5082244678497001,0.37685909686592284,0.36488399930774523,0.7379779769362864
9.502777777777778,0.4030861253000482,0.8180176902635143,0.896477397852679,0.7370378427437977,0.835346442611679,0.5424303664945457,0.5087889839787324,0.3774236129949551,0.36714206382387427,0.7402360414524154
9.519444444444444,0.40365064142908047,0.8202757547796433,0.898735462368808,0.73760235887283,0.8359109587407113,0.542994882623578,0.5093535001077647,0.3779881291239873,0.3694001283400033,0.7424941059685444
9.536111111111111,0.4042151575581127,0.8225338192957723,0.900993526884937,0.7381668750018623,0.8364754748697436,0.5435593987526103,0.509918016236797,0.37855264525301957,0.37165819285613233,0.7447521704846733
9.552777777777777,0.40477967368714496,0.8247918838119013,0.340127976446876,0.7387313911308946,0.8370399909987759,0.5441239148816426,0.5104825323658293,0.3791171613820518,0.37391625737226136,0.7470102350008023
9.569444444444445,0.4053441898161772,0.8270499483280302,0.3558089800311054,0.7392959072599269,0.8376045071278082,0.5446884310106749,0.5110470484948616,0.37968167751108406,0.3761743218883904,0.7492682995169313
9.58611111111111,0.40590870594520945,0.8293080128441592,0.3714899836153348,0.7398604233889592,0.8381690232568405,0.5452529471397072,0.5116115646238939,0.3802461936401163,0.3784323864045194,0.7515263640330603
9.602777777777778,0.4064732220742417,0.8315660773602882,0.3871709871995642,0.7404249395179915,0.8387335393858728,0.5458174632687395,0.5121760807529262,0.38081070976914855,0.38069045092064846,0.7537844285491893
9.619444444444444,0.40703773820327394,0.8338241418764172,0.40285199078379363,0.7409894556470238,0.8392980555149051,0.5463819793977718,0.5127405968819585,0.3813752258981808,0.3829485154367775,0.7560424930653182
9.636111111111111,0.4076022543323062,0.8360822063925462,0.41853299436802305,0.7415539717760561,0.8398625716439374,0.5469464955268041,0.5133051130109908,0.38193974202721304,0.3852065799529065,0.7583005575814472
9.652777777777779,0.4081667704613384,0.8383402709086751,0.43421399795225246,0.7421184879050884,0.8404270877729697,0.5475110116558364,0.5138696291400231,0.3825042581562453,0.38746464446903556,0.7605586220975762
9.669444444444444,0.40873128659037067,0.8405983354248041,0.4498950015364819,0.7426830040341207,0.840991603902002,0.5480755277848687,0.5144341452690554,0.3830687742852775,0.3897227089851646,0.7628166866137052
9.686111111111112,0.4092958027194029,0.8428563999409331,0.4655760051207113,0.743247520163153,0.8415561200310343,0.548640043913901,0.5149986613980877,0.38363329041430977,0.3919807735012936,0.7650747511298341
9.702777777777778,0.40986031884843516,0.8451144644570621,0.4812570087049407,0.7438120362921853,0.8421206361600666,0.5492045600429333,0.51556317752712,0.384197806543342,0.39423883801742265,0.7673328156459631
9.719444444444445,0.4104248349774674,0.847372528973191,0.4969380122891701,0.7443765524212176,0.8426851522890989,0.5497690761719656,0.5161276936561523,0.38476232267237426,0.3964969025335517,0.7695908801620921
9.73611111111111,0.41098935110649965,0.84963059348932,0.5126190158733995,0.7449410685502499,0.8432496684181312,0.5503335923009979,0.5166922097851846,0.3853268388014065,0.3987549670496807,0.7718489446782211
9.752777777777778,0.4115538672355319,0.851888658005449,0.5283000194576289,0.7455055846792822,0.8438141845471635,0.5508981084300302,0.5172567259142169,0.38589135493043875,0.40101303156580975,0.77410700919435
9.769444444444444,0.41211838336456413,0.854146722521578,0.5439810230418584,0.7460701008083145,0.8443787006761958,0.5514626245590625,0.5178212420432492,0.386455871059471,0.4032710960819388,0.776365073710479
9.786111111111111,0.4126828994935964,0.856404787037707,0.5596620266260878,0.7466346169373468,0.8449432168052281,0.5520271406880948,0.5183857581722815,0.38702038718850323,0.4055291605980678,0.778623138226608
9.802777777777777,0.4132474156226286,0.8586628515538359,0.5753430302103172,0.7471991330663791,0.8455077329342604,0.5525916568171271,0.5189502743013138,0.3875849033175355,0.40778722511419685,0.780881202742737
9.819444444444445,0.41381193175166087,0.8609209160699649,0.5910240337945466,0.7477636491954114,0.8460722490632927,0.5531561729461594,0.5195147904303461,0.3881494194465677,0.4100452896303259,0.783139267258866
9.83611111111111,0.4143764478806931,0.8631789805860939,0.606705037378776,0.7483281653244437,0.846636765192325,0.5537206890751917,0.5200793065593784,0.38871393557559997,0.4123033541464549,0.7853973317749949
9.852777777777778,0.41494096400972535,0.8654370451022229,0.6223860409630054,0.748892681453476,0.8472012813213573,0.554285205204224,0.5206438226884107,0.3892784517046322,0.41456141866258395,0.7876553962911239
9.869444444444444,0.4155054801387576,0.8676951096183518,0.6380670445472348,0.7494571975825083,0.8477657974503896,0.5548497213332563,0.521208338817443,0.38984296783366446,0.416819483178713,0.7899134608072529
9.886111111111111,0.41606999626778984,0.8699531741344808,0.6537480481314643,0.7500217137115406,0.8483303135794219,0.5554142374622886,0.5217728549464753,0.3904074839626967,0.419077547694842,0.7921715253233819
9.902777777777779,0.4166345123968221,0.8722112386506098,0.6694290517156937,0.7505862298405729,0.8488948297084542,0.5559787535913209,0.5223373710755076,0.39097200009172894,0.42133561221097104,0.7944295898395108
9.919444444444444,0.41719902852585433,0.8744693031667388,0.6851100552999231,0.7511507459696052,0.8494593458374865,0.5565432697203532,0.5229018872045399,0.3915365162207612,0.4235936767271001,0.7966876543556398
9.936111111111112,0.4177635446548866,0.8767273676828677,0.7007910588841525,0.7517152620986375,0.8500238619665188,0.5571077858493855,0.5234664033335722,0.39210103234979343,0.4258517412432291,0.7989457188717688
9.952777777777778,0.4183280607839188,0.8789854321989967,0.7164720624683819,0.7522797782276698,0.8505883780955511,0.5576723019784178,0.5240309194626045,0.3926655484788257,0.42810980575935814,0.8012037833878978
9.969444444444445,0.41889257691295106,0.8812434967151257,0.7321530660526113,0.7528442943567021,0.8511528942245834,0.5582368181074501,0.5245954355916368,0.3932300646078579,0.4303678702754872,0.8034618479040267
9.98611111111111,0.4194570930419833,0.8835015612312547,0.7478340696368407,0.7534088104857344,0.8517174103536157,0.5588013342364824,0.5251599517206691,0.39379458073689017,0.4326259347916162,0.8057199124201557
10.002777777777778,0.42002160917101555,0.8857596257473836,0.7635150732210702,0.7539733266147667,0.852281926482648,0.5593658503655147,0.5257244678497014,0.3943590968659224,0.43488399930774524,0.8079779769362847
10.019444444444444,0.4205861253000478,0.8880176902635126,0.7791960768052996,0.754537842743799,0.8528464426116803,0.559930366494547,0.5262889839787337,0.39492361299495465,0.43714206382387427,0.8102360414524137
10.036111111111111,0.42115064142908004,0.8902757547796416,0.794877080389529,0.7551023588728313,0.8534109587407126,0.5604948826235793,0.526853500107766,0.3954881291239869,0.4394001283400033,0.8124941059685427
10.052777777777777,0.4217151575581123,0.8925338192957706,0.8105580839737584,0.7556668750018636,0.8539754748697449,0.5610593987526116,0.5274180162367983,0.39605264525301914,0.44165819285613234,0.8147521704846716
10.069444444444445,0.42227967368714453,0.8947918838118996,0.8262390875579878,0.7562313911308959,0.8545399909987772,0.5616239148816439,0.5279825323658306,0.3966171613820514,0.44391625737226137,0.8170102350008006
10.08611111111111,0.4228441898161768,0.8970499483280285,0.8419200911422172,0.7567959072599282,0.8551045071278095,0.5621884310106762,0.5285470484948629,0.39718167751108363,0.4461743218883904,0.8192682995169296
10.102777777777778,0.423408705945209,0.8993080128441575,0.8576010947264466,0.7573604233889605,0.8556690232568418,0.5627529471397085,0.5291115646238952,0.3977461936401159,0.44843238640451943,0.8215263640330586
10.119444444444444,0.42397322207424126,0.9015660773602865,0.873282098310676,0.7579249395179928,0.8562335393858741,0.5633174632687408,0.5296760807529275,0.3983107097691481,0.45069045092064847,0.8237844285491875
10.136111111111111,0.4245377382032735,0.48693715258388276,0.8889631018949055,0.7584894556470251,0.8567980555149064,0.5638819793977731,0.5302405968819598,0.39887522589818036,0.4529485154367775,0.8260424930653165
10.152777777777779,0.42510225433230575,0.487501668712915,0.9046441054791349,0.7590539717760574,0.8573625716439387,0.5644464955268054,0.5308051130109921,0.3994397420272126,0.45520657995290653,0.8283005575814455
10.169444444444444,0.425666770461338,0.48806618484194725,0.12013293247267295,0.7596184879050897,0.857927087772971,0.5650110116558377,0.5313696291400244,0.40000425815624485,0.45746464446903556,0.8305586220975745
10.186111111111112,0.42623128659037024,0.4886307009709795,0.12239099698880199,0.760183004034122,0.8584916039020033,0.56557552778487,0.5319341452690567,0.4005687742852771,0.4597227089851646,0.8328166866137034
10.202777777777778,0.4267958027194025,0.48919521710001174,0.12464906150493102,0.7607475201631543,0.8590561200310356,0.5661400439139023,0.532498661398089,0.40113329041430934,0.46198077350129363,0.8350747511298324
10.219444444444445,0.42736031884843473,0.489759733229044,0.12690712602106005,0.7613120362921866,0.8596206361600679,0.5667045600429346,0.5330631775271213,0.4016978065433416,0.46423883801742266,0.8373328156459614
10.23611111111111,0.427924834977467,0.4903242493580762,0.12916519053718908,0.7618765524212189,0.8601851522891002,0.5672690761719669,0.5336276936561536,0.40226232267237383,0.4664969025335517,0.8395908801620904
10.252777777777778,0.4284893511064992,0.49088876548710847,0.13142325505331812,0.7624410685502512,0.8607496684181325,0.5678335923009992,0.5341922097851859,0.4028268388014061,0.4687549670496807,0.8418489446782194
10.269444444444444,0.42905386723553146,0.4914532816161407,0.13368131956944715,0.7630055846792835,0.8613141845471648,0.5683981084300315,0.5347567259142182,0.4033913549304383,0.47101303156580976,0.8441070091943483
10.286111111111111,0.4296183833645637,0.49201779774517296,0.13593938408557618,0.7635701008083158,0.8618787006761971,0.5689626245590638,0.5353212420432505,0.40395587105947056,0.4732710960819388,0.8463650737104773
10.302777777777777,0.43018289949359595,0.4925823138742052,0.13819744860170521,0.7641346169373481,0.8624432168052294,0.5695271406880961,0.5358857581722828,0.4045203871885028,0.4755291605980678,0.8486231382266063
10.319444444444445,0.4307474156226282,0.49314683000323745,0.14045551311783425,0.7646991330663804,0.8630077329342617,0.5700916568171284,0.5364502743013151,0.40508490331753505,0.47778722511419686,0.8508812027427353
10.33611111111111,0.43131193175166044,0.4937113461322697,0.14271357763396328,0.7652636491954127,0.863572249063294,0.5706561729461607,0.5370147904303474,0.4056494194465673,0.4800452896303259,0.8531392672588642
10.352777777777778,0.4318764478806927,0.49427586226130193,0.1449716421500923,0.765828165324445,0.8641367651923263,0.571220689075193,0.5375793065593797,0.40621393557559954,0.4823033541464549,0.8553973317749932
10.369444444444444,0.4324409640097249,0.4948403783903342,0.14722970666622134,0.7663926814534773,0.8647012813213586,0.5717852052042253,0.538143822688412,0.4067784517046318,0.48456141866258395,0.8576553962911222
10.386111111111111,0.43300548013875717,0.4954048945193664,0.14948777118235038,0.7669571975825096,0.8652657974503909,0.5723497213332576,0.5387083388174443,0.407342967833664,0.486819483178713,0.8599134608072512
10.402777777777779,0.4335699962677894,0.49596941064839867,0.1517458356984794,0.7675217137115419,0.8658303135794232,0.5729142374622899,0.5392728549464766,0.40790748396269627,0.489077547694842,0.8621715253233802
10.419444444444444,0.43413451239682166,0.4965339267774309,0.15400390021460844,0.7680862298405742,0.8663948297084555,0.5734787535913222,0.5398373710755089,0.4084720000917285,0.49133561221097105,0.8644295898395091
10.436111111111112,0.4346990285258539,0.49709844290646316,0.15626196473073747,0.7686507459696065,0.8669593458374878,0.5740432697203545,0.5404018872045412,0.40903651622076076,0.4935936767271001,0.8666876543556381
10.452777777777778,0.43526354465488615,0.4976629590354954,0.1585200292468665,0.7692152620986388,0.8675238619665201,0.5746077858493868,0.5409664033335735,0.409601032349793,0.4958517412432291,0.8689457188717671
10.469444444444445,0.4358280607839184,0.49822747516452764,0.16077809376299554,0.7697797782276711,0.8680883780955524,0.5751723019784191,0.5415309194626058,0.41016554847882525,0.49810980575935815,0.8712037833878961
10.48611111111111,0.43639257691295064,0.4987919912935599,0.16303615827912457,0.7703442943567034,0.8686528942245847,0.5757368181074514,0.5420954355916381,0.4107300646078575,0.5003678702754872,0.873461847904025
10.502777777777778,0.4369570930419829,0.49935650742259213,0.1652942227952536,0.7709088104857357,0.869217410353617,0.5763013342364837,0.5426599517206704,0.41129458073688974,0.5026259347916162,0.875719912420154
10.519444444444444,0.4375216091710151,0.4999210235516244,0.16755228731138264,0.771473326614768,0.8697819264826493,0.576865850365516,0.5432244678497027,0.411859096865922,0.5048839993077452,0.877977976936283
10.536111111111111,0.43808612530004737,0.5004855396806567,0.16981035182751167,0.7720378427438003,0.8703464426116816,0.5774303664945483,0.543788983978735,0.4124236129949542,0.5071420638238742,0.880236041452412
10.552777777777777,0.4386506414290796,0.501050055809689,0.1720684163436407,0.7726023588728326,0.8709109587407139,0.5779948826235806,0.5443535001077673,0.41298812912398647,0.5094001283400031,0.8824941059685409
10.569444444444445,0.43921515755811186,0.5016145719387213,0.17432648085976973,0.7731668750018649,0.8714754748697462,0.5785593987526129,0.5449180162367996,0.4135526452530187,0.5116581928561321,0.8847521704846699
10.58611111111111,0.4397796736871441,0.5021790880677536,0.17658454537589877,0.7737313911308972,0.8720399909987785,0.5791239148816452,0.5454825323658319,0.41411716138205096,0.5139162573722611,0.8870102350007989
10.602777777777778,0.44034418981617635,0.5027436041967859,0.1788426098920278,0.7742959072599295,0.8726045071278108,0.5796884310106775,0.5460470484948642,0.4146816775110832,0.5161743218883901,0.8892682995169279
10.619444444444444,0.4409087059452086,0.5033081203258182,0.18110067440815683,0.7748604233889618,0.8731690232568431,0.5802529471397098,0.5466115646238965,0.41524619364011545,0.518432386404519,0.8915263640330569
10.636111111111111,0.44147322207424083,0.5038726364548505,0.18335873892428586,0.7754249395179941,0.8737335393858754,0.5808174632687421,0.5471760807529288,0.4158107097691477,0.520690450920648,0.8937844285491858
10.652777777777779,0.4420377382032731,0.5044371525838828,0.1856168034404149,0.7759894556470264,0.8742980555149077,0.5813819793977744,0.5477405968819611,0.41637522589817993,0.522948515436777,0.8960424930653148
10.669444444444444,0.4426022543323053,0.5050016687129151,0.18787486795654393,0.7765539717760587,0.87486257164394,0.5819464955268067,0.5483051130109934,0.4169397420272122,0.525206579952906,0.8983005575814438
10.686111111111112,0.44316677046133757,0.5055661848419474,0.19013293247267296,0.777118487905091,0.8754270877729723,0.582511011655839,0.5488696291400257,0.4175042581562444,0.527464644469035,0.9005586220975728
10.702777777777778,0.4437312865903698,0.5061307009709797,0.192390996988802,0.7776830040341233,0.8759916039020046,0.5830755277848713,0.549434145269058,0.41806877428527667,0.5297227089851639,0.35336432346745655
10.719444444444445,0.44429580271940206,0.506695217100012,0.19464906150493103,0.7782475201631556,0.8765561200310369,0.5836400439139036,0.5499986613980903,0.4186332904143089,0.5319807735012929,0.3539288395964888
10.73611111111111,0.4448603188484343,0.5072597332290443,0.19690712602106006,0.7788120362921879,0.8771206361600692,0.5842045600429359,0.5505631775271226,0.41919780654334116,0.5342388380174219,0.35449335572552104
10.752777777777778,0.44542483497746654,0.5078242493580766,0.1991651905371891,0.7793765524212202,0.8776851522891015,0.5847690761719682,0.5511276936561549,0.4197623226723734,0.5364969025335509,0.3550578718545533
10.769444444444444,0.4459893511064988,0.5083887654871089,0.20142325505331812,0.7799410685502525,0.8782496684181338,0.5853335923010005,0.5516922097851872,0.42032683880140564,0.5387549670496798,0.35562238798358553
10.786111111111111,0.44655386723553103,0.5089532816161412,0.20368131956944716,0.7805055846792848,0.8788141845471661,0.5858981084300328,0.5522567259142195,0.4208913549304379,0.5410130315658088,0.3561869041126178
10.802777777777777,0.4471183833645633,0.5095177977451735,0.2059393840855762,0.7810701008083171,0.8793787006761984,0.5864626245590651,0.5528212420432518,0.42145587105947013,0.5432710960819378,0.35675142024165
10.819444444444445,0.4476828994935955,0.5100823138742058,0.20819744860170522,0.7816346169373494,0.8799432168052307,0.5870271406880974,0.5533857581722841,0.4220203871885024,0.5455291605980668,0.35731593637068226
10.83611111111111,0.44824741562262777,0.5106468300032381,0.21045551311783425,0.7821991330663817,0.880507732934263,0.5875916568171297,0.5539502743013164,0.4225849033175346,0.5477872251141958,0.3578804524997145
10.852777777777778,0.44881193175166,0.5112113461322704,0.21271357763396329,0.782763649195414,0.8810722490632953,0.588156172946162,0.5545147904303487,0.42314941944656687,0.5500452896303247,0.35844496862874675
10.869444444444444,0.44937644788069225,0.5117758622613027,0.21497164215009232,0.7833281653244463,0.8816367651923276,0.5887206890751943,0.555079306559381,0.4237139355755991,0.5523033541464537,0.359009484757779
10.886111111111111,0.4499409640097245,0.512340378390335,0.21722970666622135,0.7838926814534786,0.8822012813213599,0.5892852052042266,0.5556438226884133,0.42427845170463135,0.5545614186625827,0.35957400088681124
10.902777777777779,0.45050548013875674,0.5129048945193673,0.21948777118235038,0.7844571975825109,0.8827657974503922,0.5898497213332589,0.5562083388174456,0.4248429678336636,0.5568194831787117,0.3601385170158435
10.919444444444444,0.451069996267789,0.5134694106483996,0.22174583569847942,0.7850217137115432,0.8833303135794245,0.5904142374622912,0.5567728549464779,0.42540748396269584,0.5590775476948406,0.36070303314487573
10.936111111111112,0.45163451239682123,0.5140339267774319,0.22400390021460845,0.7855862298405755,0.8838948297084568,0.5909787535913235,0.5573373710755102,0.4259720000917281,0.5613356122109696,0.361267549273908
10.952777777777778,0.4521990285258535,0.5145984429064642,0.22626196473073748,0.7861507459696078,0.8844593458374891,0.5915432697203558,0.5579018872045425,0.42653651622076033,0.5635936767270986,0.3618320654029402
10.969444444444445,0.4527635446548857,0.5151629590354965,0.2285200292468665,0.7867152620986401,0.8850238619665214,0.5921077858493881,0.5584664033335748,0.4271010323497926,0.5658517412432276,0.36239658153197246
10.98611111111111,0.45332806078391796,0.5157274751645288,0.23077809376299555,0.7872797782276724,0.8855883780955537,0.5926723019784204,0.5590309194626071,0.4276655484788248,0.5681098057593565,0.3629610976610047
11.002777777777778,0.4538925769129502,0.5162919912935611,0.23303615827912458,0.7878442943567047,0.886152894224586,0.5932368181074527,0.5595954355916394,0.42823006460785706,0.5703678702754855,0.36352561379003695
11.019444444444444,0.45445709304198245,0.5168565074225934,0.2352942227952536,0.788408810485737,0.8867174103536183,0.593801334236485,0.5601599517206717,0.4287945807368893,0.5726259347916145,0.3640901299190692
11.036111111111111,0.4550216091710147,0.5174210235516257,0.23755228731138264,0.7889733266147693,0.8872819264826506,0.5943658503655173,0.560724467849704,0.42935909686592155,0.5748839993077435,0.36465464604810144
11.052777777777777,0.45558612530004694,0.517985539680658,0.23981035182751168,0.7895378427438016,0.8878464426116829,0.5949303664945496,0.5612889839787363,0.4299236129949538,0.5771420638238725,0.3652191621771337
11.069444444444445,0.4561506414290792,0.5185500558096903,0.2420684163436407,0.7901023588728339,0.8884109587407152,0.5954948826235819,0.5618535001077686,0.43048812912398604,0.5794001283400014,0.3657836783061659
11.08611111111111,0.45671515755811143,0.5191145719387226,0.24432648085976974,0.7906668750018662,0.8889754748697475,0.5960593987526142,0.5624180162368009,0.4310526452530183,0.5816581928561304,0.36634819443519817
11.102777777777778,0.4572796736871437,0.5196790880677549,0.24658454537589877,0.7912313911308985,0.8895399909987798,0.5966239148816465,0.5629825323658332,0.43161716138205053,0.5839162573722594,0.3669127105642304
11.119444444444444,0.4578441898161759,0.5202436041967872,0.2488426098920278,0.7917959072599308,0.8901045071278121,0.5971884310106788,0.5635470484948655,0.4321816775110828,0.5861743218883884,0.36747722669326266
11.136111111111111,0.45840870594520816,0.5208081203258195,0.25110067440815687,0.7923604233889631,0.8906690232568444,0.597752947139711,0.5641115646238978,0.432746193640115,0.5884323864045173,0.3680417428222949
11.152777777777779,0.4589732220742404,0.5213726364548518,0.2533587389242859,0.7929249395179954,0.8912335393858767,0.5983174632687434,0.5646760807529301,0.43331070976914726,0.5906904509206463,0.36860625895132715
11.169444444444444,0.45953773820327265,0.5219371525838841,0.25561680344041493,0.7934894556470277,0.891798055514909,0.5988819793977757,0.5652405968819624,0.4338752258981795,0.5929485154367753,0.3691707750803594
11.186111111111112,0.4601022543323049,0.5225016687129164,0.25787486795654396,0.79405397177606,0.8923625716439413,0.599446495526808,0.5658051130109947,0.43443974202721175,0.5952065799529043,0.36973529120939164
11.202777777777778,0.46066677046133714,0.5230661848419487,0.260132932472673,0.7946184879050923,0.8929270877729736,0.6000110116558403,0.566369629140027,0.435004258156244,0.5974646444690332,0.3702998073384239
11.219444444444445,0.4612312865903694,0.523630700970981,0.262390996988802,0.7951830040341246,0.8934916039020059,0.6005755277848726,0.5669341452690593,0.43556877428527624,0.5997227089851622,0.3708643234674561
11.23611111111111,0.4617958027194016,0.5241952171000133,0.26464906150493106,0.7957475201631569,0.8940561200310382,0.6011400439139049,0.5674986613980916,0.4361332904143085,0.6019807735012912,0.37142883959648837
11.252777777777778,0.46236031884843387,0.5247597332290456,0.2669071260210601,0.7963120362921892,0.8946206361600705,0.6017045600429372,0.5680631775271239,0.4366978065433407,0.6042388380174202,0.3719933557255206
11.269444444444444,0.4629248349774661,0.5253242493580779,0.2691651905371891,0.7968765524212215,0.8951851522891028,0.6022690761719695,0.5686276936561562,0.43726232267237297,0.6064969025335492,0.37255787185455286
11.286111111111111,0.46348935110649836,0.5258887654871102,0.27142325505331816,0.7974410685502538,0.8957496684181351,0.6028335923010018,0.5691922097851885,0.4378268388014052,0.6087549670496781,0.3731223879835851
11.302777777777777,0.4640538672355306,0.5264532816161425,0.2736813195694472,0.7980055846792861,0.8963141845471674,0.603398108430034,0.5697567259142208,0.43839135493043746,0.6110130315658071,0.37368690411261735
11.319444444444445,0.46461838336456285,0.5270177977451748,0.2759393840855762,0.7985701008083184,0.8968787006761997,0.6039626245590664,0.5703212420432531,0.4389558710594697,0.6132710960819361,0.3742514202416496
11.33611111111111,0.4651828994935951,0.5275823138742071,0.27819744860170526,0.7991346169373507,0.897443216805232,0.6045271406880987,0.5708857581722854,0.43952038718850195,0.6155291605980651,0.37481593637068183
11.352777777777778,0.46574741562262734,0.5281468300032394,0.2804555131178343,0.799699133066383,0.8980077329342643,0.605091656817131,0.5714502743013177,0.4400849033175342,0.617787225114194,0.3753804524997141
11.369444444444444,0.4663119317516596,0.5287113461322717,0.2827135776339633,0.8002636491954153,0.8985722490632966,0.6056561729461633,0.57201479043035,0.44064941944656644,0.620045289630323,0.3759449686287463
11.386111111111111,0.4668764478806918,0.529275862261304,0.28497164215009235,0.8008281653244476,0.8991367651923289,0.6062206890751956,0.5725793065593823,0.4412139355755987,0.622303354146452,0.37650948475777857
11.402777777777779,0.46744096400972407,0.5298403783903363,0.2872297066662214,0.8013926814534799,0.8997012813213612,0.6067852052042279,0.5731438226884146,0.4417784517046309,0.624561418662581,0.3770740008868108
11.419444444444444,0.4680054801387563,0.5304048945193686,0.2894877711823504,0.8019571975825122,0.9002657974503935,0.6073497213332602,0.5737083388174469,0.44234296783366317,0.62681948317871,0.37763851701584306
11.436111111111112,0.46856999626778856,0.5309694106484009,0.29174583569847945,0.8025217137115445,0.4807583882217668,0.6079142374622925,0.5742728549464792,0.4429074839626954,0.6290775476948389,0.3782030331448753
11.452777777777778,0.4691345123968208,0.5315339267774332,0.2940039002146085,0.8030862298405768,0.4964393918059962,0.6084787535913248,0.5748373710755115,0.44347200009172766,0.6313356122109679,0.37876754927390754
11.469444444444445,0.46969902852585305,0.5320984429064655,0.2962619647307375,0.8036507459696091,0.5121203953902256,0.609043269720357,0.5754018872045438,0.4440365162207599,0.6335936767270969,0.3793320654029398
11.48611111111111,0.4702635446548853,0.5326629590354978,0.29852002924686655,0.8042152620986414,0.527801398974455,0.6096077858493893,0.5759664033335761,0.44460103234979215,0.6358517412432259,0.37989658153197203
11.502777777777778,0.47082806078391753,0.5332274751645301,0.3007780937629956,0.8047797782276737,0.5434824025586844,0.6101723019784216,0.5765309194626084,0.4451655484788244,0.6381098057593548,0.3804610976610043
11.519444444444444,0.4713925769129498,0.5337919912935624,0.3030361582791246,0.805344294356706,0.5591634061429138,0.610736818107454,0.5770954355916407,0.44573006460785664,0.6403678702754838,0.3810256137900365
11.536111111111111,0.471957093041982,0.5343565074225947,0.30529422279525364,0.8059088104857383,0.5748444097271432,0.6113013342364862,0.577659951720673,0.4462945807368889,0.6426259347916128,0.38159012991906877
11.552777777777777,0.47252160917101427,0.534921023551627,0.3075522873113827,0.8064733266147706,0.5905254133113726,0.6118658503655185,0.5782244678497053,0.4468590968659211,0.6448839993077418,0.382154646048101
11.569444444444445,0.4730861253000465,0.5354855396806593,0.3098103518275117,0.8070378427438029,0.6062064168956021,0.6124303664945508,0.5787889839787376,0.44742361299495337,0.6471420638238707,0.38271916217713325
11.58611111111111,0.47365064142907876,0.5360500558096916,0.31206841634364074,0.8076023588728352,0.6218874204798315,0.6129948826235831,0.5793535001077699,0.4479881291239856,0.6494001283399997,0.3832836783061655
11.602777777777778,0.474215157558111,0.5366145719387239,0.3143264808597698,0.8081668750018675,0.6375684240640609,0.6135593987526154,0.5799180162368022,0.44855264525301786,0.6516581928561287,0.38384819443519774
11.619444444444444,0.47477967368714324,0.5371790880677562,0.3165845453758988,0.8087313911308998,0.6532494276482903,0.6141239148816477,0.5804825323658345,0.4491171613820501,0.6539162573722577,0.38441271056423
11.636111111111111,0.4753441898161755,0.5377436041967885,0.31884260989202784,0.8092959072599321,0.6689304312325197,0.61468843101068,0.5810470484948668,0.44968167751108234,0.6561743218883866,0.38497722669326223
11.652777777777779,0.47590870594520773,0.5383081203258208,0.32110067440815687,0.8098604233889644,0.6846114348167491,0.6152529471397123,0.5816115646238991,0.4502461936401146,0.6584323864045156,0.3855417428222945
11.669444444444444,0.47647322207424,0.5388726364548531,0.3233587389242859,0.8104249395179967,0.7002924384009785,0.6158174632687446,0.5821760807529314,0.45081070976914683,0.6606904509206446,0.3861062589513267
11.686111111111112,0.4770377382032722,0.5394371525838854,0.32561680344041494,0.810989455647029,0.715973441985208,0.616381979397777,0.5827405968819637,0.4513752258981791,0.6629485154367736,0.38667077508035896
11.702777777777778,0.47760225433230447,0.5400016687129177,0.32787486795654397,0.8115539717760613,0.7316544455694374,0.6169464955268092,0.583305113010996,0.4519397420272113,0.6652065799529026,0.3872352912093912
11.719444444444445,0.4781667704613367,0.54056618484195,0.330132932472673,0.8121184879050936,0.7473354491536668,0.6175110116558415,0.5838696291400283,0.45250425815624357,0.6674646444690315,0.38779980733842345
11.73611111111111,0.47873128659036895,0.5411307009709823,0.33239099698880203,0.8126830040341259,0.7630164527378962,0.6180755277848738,0.5844341452690606,0.4530687742852758,0.6697227089851605,0.3883643234674557
11.752777777777778,0.4792958027194012,0.5416952171000146,0.33464906150493107,0.8132475201631582,0.7786974563221256,0.6186400439139061,0.5849986613980929,0.45363329041430805,0.6719807735012895,0.38892883959648794
11.769444444444444,0.47986031884843344,0.5422597332290469,0.3369071260210601,0.8138120362921905,0.794378459906355,0.6192045600429384,0.5855631775271252,0.4541978065433403,0.6742388380174185,0.3894933557255202
11.786111111111111,0.4804248349774657,0.5428242493580792,0.33916519053718913,0.8143765524212228,0.8100594634905844,0.6197690761719707,0.5861276936561575,0.45476232267237254,0.6764969025335474,0.39005787185455243
11.802777777777777,0.48098935110649793,0.5433887654871115,0.34142325505331816,0.814941068550255,0.8257404670748139,0.620333592301003,0.5866922097851898,0.4553268388014048,0.6787549670496764,0.3906223879835847
11.819444444444445,0.4815538672355302,0.5439532816161438,0.3436813195694472,0.8155055846792874,0.8414214706590433,0.6208981084300353,0.5872567259142221,0.45589135493043703,0.6810130315658054,0.3911869041126169
11.83611111111111,0.4821183833645624,0.5445177977451761,0.34593938408557623,0.8160701008083197,0.8571024742432727,0.6214626245590676,0.5878212420432544,0.4564558710594693,0.6832710960819344,0.39175142024164916
11.852777777777778,0.48268289949359466,0.5450823138742084,0.34819744860170526,0.816634616937352,0.8727834778275021,0.6220271406880999,0.5883857581722867,0.4570203871885015,0.6855291605980633,0.3923159363706814
11.869444444444444,0.4832474156226269,0.5456468300032407,0.3504555131178343,0.8171991330663843,0.8884644814117315,0.6225916568171322,0.588950274301319,0.45758490331753376,0.6877872251141923,0.39288045249971365
11.886111111111111,0.48381193175165915,0.546211346132273,0.3527135776339633,0.8177636491954166,0.9041454849959609,0.6231561729461645,0.5895147904303513,0.458149419446566,0.6900452896303213,0.3934449686287459
11.902777777777779,0.4843764478806914,0.5467758622613053,0.35497164215009236,0.8183281653244489,0.37639502238932354,0.6237206890751968,0.5900793065593836,0.45871393557559825,0.6923033541464503,0.39400948475777814
11.919444444444444,0.48494096400972364,0.5473403783903376,0.3572297066662214,0.8188926814534812,0.3786530869054526,0.6242852052042291,0.5906438226884159,0.4592784517046305,0.6945614186625793,0.3945740008868104
11.936111111111112,0.4855054801387559,0.5479048945193699,0.3594877711823504,0.8194571975825135,0.3809111514215816,0.6248497213332614,0.5912083388174482,0.45984296783366274,0.6968194831787082,0.3951385170158426
11.952777777777778,0.48606999626778813,0.5484694106484022,0.36174583569847946,0.8200217137115458,0.38316921593771064,0.6254142374622937,0.5917728549464805,0.460407483962695,0.6990775476948372,0.39570303314487487
11.969444444444445,0.4866345123968204,0.5490339267774345,0.3640039002146085,0.820586229840578,0.38542728045383967,0.625978753591326,0.5923373710755128,0.46097200009172723,0.7013356122109662,0.3962675492739071
11.98611111111111,0.4871990285258526,0.5495984429064668,0.3662619647307375,0.8211507459696104,0.3876853449699687,0.6265432697203583,0.5929018872045451,0.4615365162207595,0.7035936767270952,0.39683206540293936
12.002777777777778,0.48776354465488486,0.550162959035499,0.36852002924686655,0.8217152620986427,0.38994340948609774,0.6271077858493906,0.5934664033335774,0.4621010323497917,0.7058517412432241,0.3973965815319716
12.019444444444444,0.4883280607839171,0.5507274751645314,0.3707780937629956,0.822279778227675,0.39220147400222677,0.6276723019784229,0.5940309194626097,0.46266554847882396,0.7081098057593531,0.39796109766100385
12.036111111111111,0.48889257691294935,0.5512919912935637,0.3730361582791246,0.8228442943567073,0.3944595385183558,0.6282368181074552,0.594595435591642,0.4632300646078562,0.7103678702754821,0.3985256137900361
12.052777777777777,0.4894570930419816,0.551856507422596,0.37529422279525365,0.8234088104857396,0.39671760303448483,0.6288013342364875,0.5951599517206743,0.46379458073688845,0.7126259347916111,0.39909012991906834
12.069444444444445,0.49002160917101384,0.5524210235516283,0.3775522873113827,0.8239733266147719,0.39897566755061387,0.6293658503655198,0.5957244678497066,0.4643590968659207,0.71488399930774,0.3996546460481006
12.08611111111111,0.4905861253000461,0.5529855396806606,0.3798103518275117,0.8245378427438042,0.4012337320667429,0.6299303664945521,0.5962889839787389,0.46492361299495294,0.717142063823869,0.4002191621771328
12.102777777777778,0.4911506414290783,0.5535500558096929,0.38206841634364075,0.8251023588728364,0.40349179658287193,0.6304948826235844,0.5968535001077712,0.4654881291239852,0.719400128339998,0.40078367830616507
12.119444444444444,0.49171515755811057,0.5541145719387252,0.3843264808597698,0.8256668750018687,0.40574986109900096,0.6310593987526167,0.5974180162368035,0.46605264525301743,0.721658192856127,0.4013481944351973
12.136111111111111,0.4922796736871428,0.5546790880677575,0.3865845453758988,0.826231391130901,0.40800792561513,0.631623914881649,0.5979825323658358,0.46661716138204967,0.723916257372256,0.40191271056422956
12.152777777777779,0.49284418981617506,0.5552436041967898,0.38884260989202785,0.8267959072599333,0.41026599013125903,0.6321884310106813,0.5985470484948681,0.4671816775110819,0.7261743218883849,0.4024772266932618
12.169444444444444,0.4934087059452073,0.555808120325822,0.3911006744081569,0.8273604233889656,0.41252405464738806,0.6327529471397136,0.5991115646239004,0.46774619364011416,0.7284323864045139,0.40304174282229405
12.186111111111112,0.49397322207423955,0.5563726364548544,0.3933587389242859,0.827924939517998,0.4147821191635171,0.6333174632687459,0.5996760807529327,0.4683107097691464,0.7306904509206429,0.4036062589513263
12.202777777777778,0.4945377382032718,0.5569371525838867,0.39561680344041494,0.8284894556470302,0.4170401836796461,0.6338819793977782,0.600240596881965,0.46887522589817865,0.7329485154367719,0.40417077508035854
12.219444444444445,0.49510225433230404,0.557501668712919,0.397874867956544,0.8290539717760625,0.41929824819577516,0.6344464955268105,0.6008051130109973,0.4694397420272109,0.7352065799529008,0.4047352912093908
12.23611111111111,0.4956667704613363,0.5580661848419513,0.400132932472673,0.8296184879050948,0.4215563127119042,0.6350110116558428,0.6013696291400296,0.47000425815624314,0.7374646444690298,0.405299807338423
12.252777777777778,0.4962312865903685,0.5586307009709836,0.40239099698880204,0.8301830040341271,0.4238143772280332,0.6355755277848751,0.6019341452690619,0.4705687742852754,0.7397227089851588,0.40586432346745527
12.269444444444444,0.49679580271940077,0.5591952171000159,0.4046490615049311,0.8307475201631594,0.42607244174416226,0.6361400439139074,0.6024986613980942,0.4711332904143076,0.7419807735012878,0.4064288395964875
12.286111111111111,0.497360318848433,0.5597597332290482,0.4069071260210601,0.8313120362921917,0.4283305062602913,0.6367045600429397,0.6030631775271265,0.47169780654333987,0.7442388380174167,0.40699335572551976
12.302777777777777,0.49792483497746526,0.5603242493580805,0.40916519053718914,0.831876552421224,0.4305885707764203,0.637269076171972,0.6036276936561588,0.4722623226723721,0.7464969025335457,0.407557871854552
12.319444444444445,0.4984893511064975,0.5608887654871128,0.41142325505331817,0.8324410685502563,0.43284663529254935,0.6378335923010043,0.6041922097851911,0.47282683880140436,0.7487549670496747,0.40812238798358424
12.33611111111111,0.49905386723552975,0.561453281616145,0.4136813195694472,0.8330055846792886,0.4351046998086784,0.6383981084300366,0.6047567259142234,0.4733913549304366,0.7510130315658037,0.4086869041126165
12.352777777777778,0.499618383364562,0.5620177977451773,0.41593938408557624,0.833570100808321,0.4373627643248074,0.6389626245590689,0.6053212420432557,0.47395587105946885,0.7532710960819327,0.40925142024164873
12.369444444444444,0.5001828994935943,0.5625823138742096,0.41819744860170527,0.8341346169373532,0.43962082884093645,0.6395271406881012,0.605885758172288,0.4745203871885011,0.7555291605980616,0.409815936370681
12.386111111111111,0.5007474156226266,0.563146830003242,0.4204555131178343,0.8346991330663855,0.4418788933570655,0.6400916568171335,0.6064502743013203,0.47508490331753334,0.7577872251141906,0.4103804524997132
12.402777777777779,0.5013119317516589,0.5637113461322742,0.42271357763396333,0.8352636491954178,0.4441369578731945,0.6406561729461658,0.6070147904303526,0.4756494194465656,0.7600452896303196,0.41094496862874547
12.419444444444444,0.5018764478806912,0.5642758622613065,0.42497164215009237,0.8358281653244501,0.44639502238932355,0.6412206890751981,0.6075793065593849,0.4762139355755978,0.7623033541464486,0.4115094847577777
12.436111111111112,0.5024409640097235,0.5648403783903388,0.4272297066662214,0.8363926814534824,0.4486530869054526,0.6417852052042304,0.6081438226884172,0.47677845170463007,0.7645614186625775,0.41207400088680995
12.452777777777778,0.5030054801387558,0.5654048945193711,0.42948777118235043,0.8369571975825147,0.4509111514215816,0.6423497213332627,0.6087083388174495,0.4773429678336623,0.7668194831787065,0.4126385170158422
12.469444444444445,0.5035699962677881,0.5659694106484034,0.43174583569847946,0.837521713711547,0.45316921593771065,0.642914237462295,0.6092728549464818,0.47790748396269456,0.7690775476948355,0.41320303314487444
12.48611111111111,0.5041345123968204,0.5665339267774357,0.4340039002146085,0.8380862298405793,0.4554272804538397,0.6434787535913273,0.6098373710755141,0.4784720000917268,0.7713356122109645,0.4137675492739067
12.502777777777778,0.5046990285258527,0.567098442906468,0.43626196473073753,0.8386507459696116,0.4576853449699687,0.6440432697203596,0.6104018872045464,0.47903651622075905,0.7735936767270934,0.41433206540293893
12.519444444444444,0.505263544654885,0.5676629590355003,0.43852002924686656,0.8392152620986439,0.45994340948609774,0.6446077858493919,0.6109664033335787,0.4796010323497913,0.7758517412432224,0.4148965815319712
12.536111111111111,0.5058280607839173,0.5682274751645326,0.4407780937629956,0.8397797782276762,0.4622014740022268,0.6451723019784242,0.611530919462611,0.48016554847882353,0.7781098057593514,0.4154610976610034
12.552777777777777,0.5063925769129496,0.568791991293565,0.4430361582791246,0.8403442943567085,0.4644595385183558,0.6457368181074565,0.6120954355916433,0.4807300646078558,0.7803678702754804,0.41602561379003566
12.569444444444445,0.5069570930419819,0.5693565074225972,0.44529422279525366,0.8409088104857408,0.46671760303448484,0.6463013342364888,0.6126599517206756,0.481294580736888,0.7826259347916094,0.4165901299190679
12.58611111111111,0.5075216091710142,0.5699210235516295,0.4475522873113827,0.8414733266147731,0.4689756675506139,0.6468658503655211,0.6132244678497079,0.48185909686592027,0.7848839993077383,0.41715464604810015
12.602777777777778,0.5080861253000465,0.5704855396806618,0.4498103518275117,0.8420378427438054,0.4712337320667429,0.6474303664945534,0.6137889839787402,0.4824236129949525,0.7871420638238673,0.4177191621771324
12.619444444444444,0.5086506414290788,0.5710500558096941,0.45206841634364076,0.8426023588728377,0.47349179658287194,0.6479948826235857,0.6143535001077725,0.48298812912398476,0.7894001283399963,0.41828367830616464
12.636111111111111,0.5092151575581111,0.5716145719387264,0.4543264808597698,0.84316687500187,0.47574986109900097,0.648559398752618,0.6149180162368048,0.483552645253017,0.7916581928561253,0.4188481944351969
12.652777777777779,0.5097796736871434,0.5721790880677587,0.4565845453758988,0.8437313911309023,0.47800792561513,0.6491239148816503,0.615482532365837,0.48411716138204924,0.7939162573722542,0.41941271056422913
12.669444444444444,0.5103441898161757,0.572743604196791,0.45884260989202785,0.8442959072599346,0.48026599013125904,0.6496884310106826,0.6160470484948694,0.4846816775110815,0.7961743218883832,0.4199772266932614
12.686111111111112,0.510908705945208,0.5733081203258233,0.4611006744081569,0.8448604233889669,0.48252405464738807,0.6502529471397149,0.6166115646239017,0.48524619364011373,0.7984323864045122,0.4205417428222936
12.702777777777778,0.5114732220742403,0.5738726364548556,0.4633587389242859,0.8454249395179992,0.4847821191635171,0.6508174632687472,0.617176080752934,0.485810709769146,0.8006904509206412,0.42110625895132586
12.719444444444445,0.5120377382032726,0.5744371525838879,0.46561680344041495,0.8459894556470315,0.48704018367964613,0.6513819793977795,0.6177405968819663,0.4863752258981782,0.8029485154367701,0.4216707750803581
12.73611111111111,0.5126022543323049,0.5750016687129202,0.467874867956544,0.8465539717760638,0.48929824819577517,0.6519464955268118,0.6183051130109986,0.48693974202721046,0.8052065799528991,0.42223529120939035
12.752777777777778,0.5131667704613372,0.5755661848419525,0.470132932472673,0.8471184879050961,0.4915563127119042,0.6525110116558441,0.6188696291400309,0.4875042581562427,0.8074646444690281,0.4227998073384226
12.769444444444444,0.5137312865903695,0.5761307009709848,0.47239099698880205,0.8476830040341284,0.49381437722803323,0.6530755277848764,0.6194341452690632,0.48806877428527495,0.8097227089851571,0.42336432346745484
12.786111111111111,0.5142958027194018,0.5766952171000171,0.4746490615049311,0.8482475201631607,0.49607244174416226,0.6536400439139087,0.6199986613980955,0.4886332904143072,0.8119807735012861,0.4239288395964871
12.802777777777777,0.5148603188484341,0.5772597332290494,0.4769071260210601,0.848812036292193,0.4983305062602913,0.654204560042941,0.6205631775271278,0.48919780654333944,0.814238838017415,0.42449335572551933
12.819444444444445,0.5154248349774664,0.5778242493580817,0.47916519053718915,0.8493765524212253,0.5005885707764204,0.6547690761719733,0.62112769365616,0.4897623226723717,0.816496902533544,0.42505787185455157
12.83611111111111,0.5159893511064987,0.578388765487114,0.4814232550533182,0.8499410685502576,0.5028466352925494,0.6553335923010056,0.6216922097851924,0.49032683880140393,0.818754967049673,0.4256223879835838
12.852777777777778,0.516553867235531,0.5789532816161463,0.4836813195694472,0.8505055846792899,0.5051046998086783,0.6558981084300379,0.6222567259142247,0.4908913549304362,0.821013031565802,0.42618690411261606
12.869444444444444,0.5171183833645633,0.5795177977451786,0.48593938408557624,0.8510701008083222,0.5073627643248073,0.6564626245590702,0.622821242043257,0.4914558710594684,0.8232710960819309,0.4267514202416483
12.886111111111111,0.5176828994935956,0.5800823138742109,0.4881974486017053,0.8516346169373545,0.5096208288409363,0.6570271406881025,0.6233857581722893,0.49202038718850066,0.8255291605980599,0.42731593637068055
12.902777777777779,0.5182474156226279,0.5806468300032432,0.4904555131178343,0.8521991330663868,0.5118788933570653,0.6575916568171348,0.6239502743013216,0.4925849033175329,0.8277872251141889,0.4278804524997128
12.919444444444444,0.5188119317516602,0.5812113461322755,0.49271357763396334,0.8527636491954191,0.5141369578731942,0.6581561729461671,0.6245147904303538,0.49314941944656515,0.8300452896303179,0.42844496862874504
12.936111111111112,0.5193764478806925,0.5817758622613078,0.4949716421500924,0.8533281653244514,0.5163950223893232,0.6587206890751994,0.6250793065593861,0.4937139355755974,0.8323033541464468,0.4290094847577773
12.952777777777778,0.5199409640097248,0.5823403783903401,0.4972297066662214,0.8538926814534837,0.5186530869054522,0.6592852052042317,0.6256438226884184,0.49427845170462964,0.8345614186625758,0.4295740008868095
12.969444444444445,0.5205054801387571,0.5829048945193724,0.49948777118235044,0.854457197582516,0.5209111514215812,0.659849721333264,0.6262083388174507,0.4948429678336619,0.8368194831787048,0.43013851701584177
12.98611111111111,0.5210699962677894,0.5834694106484047,0.5017458356984794,0.8550217137115483,0.5231692159377102,0.6604142374622963,0.626772854946483,0.49540748396269413,0.8390775476948338,0.430703033144874
13.002777777777778,0.5216345123968217,0.584033926777437,0.5040039002146084,0.8555862298405806,0.5254272804538391,0.6609787535913286,0.6273373710755153,0.4959720000917264,0.8413356122109628,0.43126754927390626
13.019444444444444,0.522199028525854,0.5845984429064693,0.5062619647307374,0.8561507459696129,0.5276853449699681,0.6615432697203609,0.6279018872045476,0.4965365162207586,0.8435936767270917,0.4318320654029385
13.036111111111111,0.5227635446548863,0.5851629590355016,0.5085200292468663,0.8567152620986452,0.5299434094860971,0.6621077858493932,0.62846640333358,0.49710103234979086,0.8458517412432207,0.43239658153197075
13.052777777777777,0.5233280607839186,0.5857274751645339,0.5107780937629953,0.8572797782276775,0.5322014740022261,0.6626723019784255,0.6290309194626122,0.4976655484788231,0.8481098057593497,0.432961097661003
13.069444444444445,0.5238925769129509,0.5862919912935662,0.5130361582791243,0.8578442943567098,0.534459538518355,0.6632368181074578,0.6295954355916445,0.49823006460785535,0.8503678702754787,0.43352561379003524
13.08611111111111,0.5244570930419832,0.5868565074225985,0.5152942227952533,0.8584088104857421,0.536717603034484,0.6638013342364901,0.6301599517206768,0.4987945807368876,0.8526259347916076,0.4340901299190675
13.102777777777778,0.5250216091710155,0.5874210235516308,0.5175522873113823,0.8589733266147744,0.538975667550613,0.6643658503655224,0.6307244678497091,0.49935909686591984,0.8548839993077366,0.4346546460480997
13.119444444444444,0.5255861253000478,0.5879855396806631,0.5198103518275112,0.8595378427438067,0.541233732066742,0.6649303664945547,0.6312889839787414,0.4999236129949521,0.8571420638238656,0.43521916217713197
13.136111111111111,0.5261506414290801,0.5885500558096954,0.5220684163436402,0.860102358872839,0.543491796582871,0.665494882623587,0.6318535001077737,0.5004881291239843,0.8594001283399946,0.4357836783061642
13.152777777777779,0.5267151575581124,0.5891145719387277,0.5243264808597692,0.8606668750018713,0.5457498610989999,0.6660593987526193,0.632418016236806,0.5010526452530166,0.8616581928561236,0.43634819443519646
13.169444444444444,0.5272796736871447,0.58967908806776,0.5265845453758982,0.8612313911309036,0.5480079256151289,0.6666239148816516,0.6329825323658383,0.5016171613820489,0.8639162573722525,0.4369127105642287
13.186111111111112,0.527844189816177,0.5902436041967923,0.5288426098920271,0.8617959072599359,0.5502659901312579,0.6671884310106839,0.6335470484948706,0.5021816775110812,0.8661743218883815,0.43747722669326095
13.202777777777778,0.5284087059452093,0.5908081203258246,0.5311006744081561,0.8623604233889682,0.5525240546473869,0.6677529471397162,0.634111564623903,0.5027461936401135,0.8684323864045105,0.4380417428222932
13.219444444444445,0.5289732220742416,0.5913726364548569,0.5333587389242851,0.8629249395180005,0.5547821191635158,0.6683174632687485,0.6346760807529352,0.5033107097691458,0.8706904509206395,0.43860625895132543
13.23611111111111,0.5295377382032739,0.5919371525838892,0.5356168034404141,0.8634894556470328,0.5570401836796448,0.6688819793977808,0.6352405968819675,0.5038752258981781,0.8729485154367684,0.4391707750803577
13.252777777777778,0.5301022543323062,0.5925016687129215,0.537874867956543,0.8640539717760651,0.5592982481957738,0.6694464955268131,0.6358051130109998,0.5044397420272104,0.8752065799528974,0.4397352912093899
13.269444444444444,0.5306667704613385,0.5930661848419538,0.540132932472672,0.8646184879050974,0.5615563127119028,0.6700110116558454,0.6363696291400321,0.5050042581562427,0.8774646444690264,0.44029980733842217
13.286111111111111,0.5312312865903708,0.5936307009709861,0.542390996988801,0.8651830040341297,0.5638143772280317,0.6705755277848777,0.6369341452690644,0.505568774285275,0.8797227089851554,0.4408643234674544
13.302777777777777,0.5317958027194031,0.5941952171000184,0.54464906150493,0.865747520163162,0.5660724417441607,0.67114004391391,0.6374986613980967,0.5061332904143073,0.8819807735012843,0.44142883959648666
13.319444444444445,0.5323603188484354,0.5947597332290507,0.546907126021059,0.8663120362921943,0.5683305062602897,0.6717045600429423,0.638063177527129,0.5066978065433396,0.8842388380174133,0.4419933557255189
13.33611111111111,0.5329248349774677,0.595324249358083,0.5491651905371879,0.8668765524212266,0.5705885707764187,0.6722690761719746,0.6386276936561613,0.5072623226723719,0.8864969025335423,0.44255787185455114
13.352777777777778,0.5334893511065,0.5958887654871153,0.5514232550533169,0.8674410685502589,0.5728466352925476,0.6728335923010069,0.6391922097851936,0.5078268388014042,0.8887549670496713,0.4431223879835834
13.369444444444444,0.5340538672355323,0.5964532816161476,0.5536813195694459,0.8680055846792912,0.5751046998086766,0.6733981084300392,0.6397567259142259,0.5083913549304365,0.8910130315658003,0.44368690411261563
13.386111111111111,0.5346183833645646,0.5970177977451799,0.5559393840855749,0.8685701008083235,0.5773627643248056,0.6739626245590715,0.6403212420432582,0.5089558710594688,0.8932710960819292,0.4442514202416479
13.402777777777779,0.5351828994935969,0.5975823138742122,0.5581974486017038,0.8691346169373558,0.5796208288409346,0.6745271406881038,0.6408857581722905,0.5095203871885011,0.8955291605980582,0.4448159363706801
13.419444444444444,0.5357474156226292,0.5981468300032445,0.5604555131178328,0.8696991330663881,0.5818788933570636,0.6750916568171361,0.6414502743013228,0.5100849033175334,0.8977872251141872,0.44538045249971236
13.436111111111112,0.5363119317516615,0.5987113461322768,0.5627135776339618,0.8702636491954204,0.5841369578731925,0.6756561729461684,0.6420147904303551,0.5106494194465657,0.9000452896303162,0.4459449686287446
13.452777777777778,0.5368764478806938,0.5992758622613091,0.5649716421500908,0.8708281653244527,0.5863950223893215,0.6762206890752007,0.6425793065593874,0.511213935575598,0.4393740585695355,0.44650948475777685
13.469444444444445,0.5374409640097261,0.5998403783903414,0.5672297066662197,0.871392681453485,0.5886530869054505,0.676785205204233,0.6431438226884197,0.5117784517046303,0.43993857469856773,0.4470740008868091
13.48611111111111,0.5380054801387584,0.6004048945193737,0.5694877711823487,0.8719571975825173,0.5909111514215795,0.6773497213332653,0.643708338817452,0.5123429678336626,0.4405030908276,0.44763851701584134
13.502777777777778,0.5385699962677907,0.600969410648406,0.5717458356984777,0.8725217137115496,0.5931692159377084,0.6779142374622976,0.6442728549464843,0.5129074839626949,0.4410676069566322,0.4482030331448736
13.519444444444444,0.539134512396823,0.6015339267774383,0.5740039002146067,0.8730862298405819,0.5954272804538374,0.6784787535913299,0.6448373710755166,0.5134720000917272,0.44163212308566446,0.44876754927390583
13.536111111111111,0.5396990285258553,0.6020984429064706,0.5762619647307357,0.8736507459696142,0.5976853449699664,0.6790432697203622,0.6454018872045489,0.5140365162207595,0.4421966392146967,0.4493320654029381
13.552777777777777,0.5402635446548876,0.6026629590355029,0.5785200292468646,0.8742152620986465,0.5999434094860954,0.6796077858493945,0.6459664033335812,0.5146010323497918,0.44276115534372895,0.4498965815319703
13.569444444444445,0.5408280607839199,0.6032274751645352,0.5807780937629936,0.8747797782276788,0.6022014740022243,0.6801723019784268,0.6465309194626135,0.5151655484788241,0.4433256714727612,0.45046109766100256
13.58611111111111,0.5413925769129522,0.6037919912935675,0.5830361582791226,0.8753442943567111,0.6044595385183533,0.6807368181074591,0.6470954355916458,0.5157300646078564,0.44389018760179344,0.4510256137900348
13.602777777777778,0.5419570930419845,0.6043565074225998,0.5852942227952516,0.8759088104857434,0.6067176030344823,0.6813013342364914,0.6476599517206781,0.5162945807368887,0.4444547037308257,0.45159012991906705
13.619444444444444,0.5425216091710168,0.6049210235516321,0.5875522873113805,0.8764733266147757,0.6089756675506113,0.6818658503655237,0.6482244678497104,0.516859096865921,0.44501921985985793,0.4521546460480993
13.636111111111111,0.5430861253000491,0.6054855396806644,0.5898103518275095,0.877037842743808,0.6112337320667403,0.682430366494556,0.6487889839787427,0.5174236129949533,0.4455837359888902,0.45271916217713154
13.652777777777779,0.5436506414290814,0.6060500558096967,0.5920684163436385,0.8776023588728403,0.6134917965828692,0.6829948826235883,0.649353500107775,0.5179881291239856,0.4461482521179224,0.4532836783061638
13.669444444444444,0.5442151575581137,0.606614571938729,0.5943264808597675,0.8781668750018726,0.6157498610989982,0.6835593987526206,0.6499180162368073,0.5185526452530179,0.44671276824695466,0.45384819443519603
13.686111111111112,0.544779673687146,0.6071790880677613,0.5965845453758964,0.8787313911309049,0.6180079256151272,0.6841239148816529,0.6504825323658396,0.5191171613820502,0.4472772843759869,0.4544127105642283
13.702777777777778,0.5453441898161783,0.6077436041967936,0.5988426098920254,0.8792959072599372,0.6202659901312562,0.6846884310106852,0.6510470484948719,0.5196816775110825,0.44784180050501915,0.4549772266932605
13.719444444444445,0.5459087059452106,0.6083081203258259,0.6011006744081544,0.8798604233889695,0.6225240546473851,0.6852529471397175,0.6516115646239042,0.5202461936401148,0.4484063166340514,0.45554174282229276
13.73611111111111,0.5464732220742429,0.6088726364548582,0.6033587389242834,0.8804249395180018,0.6247821191635141,0.6858174632687498,0.6521760807529365,0.5208107097691471,0.44897083276308364,0.456106258951325
13.752777777777778,0.5470377382032752,0.6094371525838905,0.6056168034404124,0.8809894556470341,0.6270401836796431,0.6863819793977821,0.6527405968819688,0.5213752258981794,0.4495353488921159,0.45667077508035725
13.769444444444444,0.5476022543323075,0.6100016687129228,0.6078748679565413,0.8815539717760664,0.6292982481957721,0.6869464955268144,0.6533051130110011,0.5219397420272117,0.4500998650211481,0.4572352912093895
13.786111111111111,0.5481667704613398,0.6105661848419551,0.6101329324726703,0.8821184879050987,0.631556312711901,0.6875110116558467,0.6538696291400334,0.522504258156244,0.45066438115018037,0.45779980733842174
13.802777777777777,0.5487312865903721,0.6111307009709874,0.6123909969887993,0.882683004034131,0.63381437722803,0.688075527784879,0.6544341452690657,0.5230687742852763,0.4512288972792126,0.458364323467454
13.819444444444445,0.5492958027194044,0.6116952171000197,0.6146490615049283,0.8832475201631633,0.636072441744159,0.6886400439139113,0.654998661398098,0.5236332904143086,0.45179341340824486,0.4589288395964862
13.83611111111111,0.5498603188484367,0.612259733229052,0.6169071260210572,0.8838120362921956,0.638330506260288,0.6892045600429436,0.6555631775271303,0.5241978065433409,0.4523579295372771,0.45949335572551847
13.852777777777778,0.550424834977469,0.6128242493580843,0.6191651905371862,0.8843765524212279,0.640588570776417,0.6897690761719759,0.6561276936561626,0.5247623226723732,0.45292244566630935,0.4600578718545507
13.869444444444444,0.5509893511065013,0.6133887654871166,0.6214232550533152,0.8849410685502602,0.6428466352925459,0.6903335923010082,0.6566922097851949,0.5253268388014055,0.4534869617953416,0.46062238798358296
13.886111111111111,0.5515538672355336,0.6139532816161489,0.6236813195694442,0.8855055846792925,0.6451046998086749,0.6908981084300405,0.6572567259142272,0.5258913549304378,0.45405147792437384,0.4611869041126152
13.902777777777779,0.5521183833645659,0.6145177977451812,0.6259393840855731,0.8860701008083248,0.6473627643248039,0.6914626245590728,0.6578212420432595,0.5264558710594701,0.4546159940534061,0.46175142024164745
13.919444444444444,0.5526828994935982,0.6150823138742135,0.6281974486017021,0.8866346169373571,0.6496208288409329,0.6920271406881051,0.6583857581722918,0.5270203871885024,0.4551805101824383,0.4623159363706797
13.936111111111112,0.5532474156226305,0.6156468300032458,0.6304555131178311,0.8871991330663894,0.6518788933570618,0.6925916568171374,0.6589502743013241,0.5275849033175347,0.45574502631147057,0.46288045249971194
13.952777777777778,0.5538119317516628,0.6162113461322781,0.6327135776339601,0.8877636491954217,0.6541369578731908,0.6931561729461697,0.6595147904303564,0.528149419446567,0.4563095424405028,0.4634449686287442
13.969444444444445,0.5543764478806951,0.6167758622613104,0.634971642150089,0.888328165324454,0.6563950223893198,0.693720689075202,0.6600793065593887,0.5287139355755993,0.45687405856953506,0.4640094847577764
13.98611111111111,0.5549409640097274,0.6173403783903427,0.637229706666218,0.8888926814534863,0.6586530869054488,0.6942852052042343,0.660643822688421,0.5292784517046316,0.4574385746985673,0.46457400088680867
14.002777777777778,0.5555054801387597,0.617904894519375,0.639487771182347,0.8894571975825186,0.6609111514215777,0.6948497213332666,0.6612083388174533,0.5298429678336639,0.45800309082759955,0.4651385170158409
14.019444444444444,0.556069996267792,0.6184694106484073,0.641745835698476,0.8900217137115509,0.6631692159377067,0.6954142374622989,0.6617728549464856,0.5304074839626962,0.4585676069566318,0.46570303314487316
14.036111111111111,0.5566345123968243,0.6190339267774396,0.644003900214605,0.8905862298405832,0.6654272804538357,0.6959787535913312,0.6623373710755179,0.5309720000917285,0.45913212308566403,0.4662675492739054
14.052777777777777,0.5571990285258566,0.6195984429064719,0.6462619647307339,0.8911507459696155,0.6676853449699647,0.6965432697203635,0.6629018872045502,0.5315365162207608,0.4596966392146963,0.46683206540293765
14.069444444444445,0.5577635446548889,0.6201629590355042,0.6485200292468629,0.8917152620986478,0.6699434094860937,0.6971077858493958,0.6634664033335825,0.5321010323497931,0.4602611553437285,0.4673965815319699
14.08611111111111,0.5583280607839212,0.6207274751645365,0.6507780937629919,0.8922797782276801,0.6722014740022226,0.6976723019784281,0.6640309194626148,0.5326655484788254,0.46082567147276077,0.46796109766100213
14.102777777777778,0.5588925769129535,0.6212919912935688,0.6530361582791209,0.8928442943567124,0.6744595385183516,0.6982368181074604,0.6645954355916471,0.5332300646078577,0.461390187601793,0.4685256137900344
14.119444444444444,0.5594570930419858,0.6218565074226011,0.6552942227952498,0.8934088104857447,0.6767176030344806,0.6988013342364927,0.6651599517206794,0.53379458073689,0.46195470373082526,0.4690901299190666
14.136111111111111,0.5600216091710181,0.6224210235516334,0.6575522873113788,0.893973326614777,0.6789756675506096,0.699365850365525,0.6657244678497117,0.5343590968659223,0.4625192198598575,0.46965464604809887
14.152777777777779,0.5605861253000504,0.6229855396806657,0.6598103518275078,0.8945378427438093,0.6812337320667385,0.6999303664945573,0.666288983978744,0.5349236129949546,0.46308373598888974,0.4702191621771311
14.169444444444444,0.5611506414290827,0.623550055809698,0.6620684163436368,0.8951023588728416,0.6834917965828675,0.7004948826235896,0.6668535001077763,0.5354881291239869,0.463648252117922,0.47078367830616336
14.186111111111112,0.561715157558115,0.6241145719387303,0.6643264808597658,0.8956668750018739,0.6857498610989965,0.7010593987526219,0.6674180162368086,0.5360526452530192,0.46421276824695423,0.4713481944351956
14.202777777777778,0.5622796736871473,0.6246790880677626,0.6665845453758947,0.8962313911309062,0.6880079256151255,0.7016239148816542,0.6679825323658409,0.5366171613820515,0.4647772843759865,0.47191271056422784
14.219444444444445,0.5628441898161796,0.6252436041967949,0.6688426098920237,0.8967959072599385,0.6902659901312544,0.7021884310106865,0.6685470484948732,0.5371816775110838,0.4653418005050187,0.4724772266932601
14.23611111111111,0.5634087059452119,0.6258081203258272,0.6711006744081527,0.8973604233889708,0.6925240546473834,0.7027529471397188,0.6691115646239055,0.5377461936401161,0.46590631663405097,0.47304174282229233
14.252777777777778,0.5639732220742442,0.6263726364548595,0.6733587389242817,0.8979249395180031,0.6947821191635124,0.7033174632687511,0.6696760807529378,0.5383107097691484,0.4664708327630832,0.4736062589513246
14.269444444444444,0.5645377382032765,0.6269371525838918,0.6756168034404106,0.8984894556470354,0.6970401836796414,0.7038819793977834,0.6702405968819701,0.5388752258981807,0.46703534889211545,0.4741707750803568
14.286111111111111,0.5651022543323088,0.6275016687129241,0.6778748679565396,0.8990539717760677,0.6992982481957704,0.7044464955268157,0.6708051130110024,0.539439742027213,0.4675998650211477,0.47473529120938907
14.302777777777777,0.5656667704613411,0.6280661848419564,0.6801329324726686,0.8996184879051,0.7015563127118993,0.705011011655848,0.6713696291400347,0.5400042581562453,0.46816438115017994,0.4752998073384213
14.319444444444445,0.5662312865903734,0.6286307009709887,0.6823909969887976,0.9001830040341323,0.7038143772280283,0.7055755277848803,0.671934145269067,0.5405687742852776,0.4687288972792122,0.47586432346745355
14.33611111111111,0.5667958027194057,0.629195217100021,0.6846490615049265,0.08883017142699269,0.7060724417441573,0.7061400439139126,0.6724986613980993,0.5411332904143099,0.46929341340824443,0.4764288395964858
14.352777777777778,0.567360318848438,0.6297597332290533,0.6869071260210555,0.08939468755602495,0.7083305062602863,0.7067045600429449,0.6730631775271316,0.5416978065433422,0.4698579295372767,0.47699335572551804
14.369444444444444,0.5679248349774703,0.6303242493580856,0.6891651905371845,0.0899592036850572,0.7105885707764152,0.7072690761719772,0.6736276936561639,0.5422623226723745,0.4704224456663089,0.4775578718545503
14.386111111111111,0.5684893511065026,0.6308887654871179,0.6914232550533135,0.09052371981408946,0.7128466352925442,0.7078335923010095,0.6741922097851962,0.5428268388014068,0.47098696179534116,0.47812238798358253
14.402777777777779,0.5690538672355349,0.6314532816161502,0.6936813195694425,0.09108823594312172,0.7151046998086732,0.7083981084300418,0.6747567259142285,0.5433913549304391,0.4715514779243734,0.4786869041126148
14.419444444444444,0.5696183833645672,0.6320177977451825,0.6959393840855714,0.09165275207215398,0.7173627643248022,0.7089626245590741,0.6753212420432608,0.5439558710594714,0.47211599405340565,0.479251420241647
14.436111111111112,0.5701828994935995,0.6325823138742148,0.6981974486017004,0.09221726820118624,0.7196208288409311,0.7095271406881064,0.6758857581722931,0.5445203871885037,0.4726805101824379,0.47981593637067926
14.452777777777778,0.5707474156226318,0.6331468300032471,0.7004555131178294,0.0927817843302185,0.7218788933570601,0.7100916568171387,0.6764502743013254,0.545084903317536,0.47324502631147014,0.4803804524997115
14.469444444444445,0.5713119317516641,0.6337113461322794,0.7027135776339584,0.09334630045925076,0.7241369578731891,0.710656172946171,0.6770147904303577,0.5456494194465683,0.4738095424405024,0.48094496862874375
14.48611111111111,0.5718764478806964,0.6342758622613117,0.7049716421500873,0.09391081658828301,0.7263950223893181,0.7112206890752033,0.67757930655939,0.5462139355756006,0.47437405856953463,0.481509484757776
14.502777777777778,0.5724409640097287,0.634840378390344,0.7072297066662163,0.09447533271731527,0.7286530869054471,0.7117852052042356,0.6781438226884223,0.5467784517046329,0.4749385746985669,0.48207400088680824
14.519444444444444,0.573005480138761,0.6354048945193763,0.7094877711823453,0.09503984884634753,0.730911151421576,0.7123497213332679,0.6787083388174546,0.5473429678336652,0.4755030908275991,0.4826385170158405
14.536111111111111,0.5735699962677933,0.6359694106484086,0.7117458356984743,0.09560436497537979,0.733169215937705,0.7129142374623002,0.6792728549464869,0.5479074839626975,0.47606760695663136,0.48320303314487273
14.552777777777777,0.5741345123968256,0.6365339267774409,0.7140039002146032,0.09616888110441205,0.735427280453834,0.7134787535913325,0.6798373710755192,0.5484720000917298,0.4766321230856636,0.483767549273905
14.569444444444445,0.5746990285258579,0.6370984429064732,0.7162619647307322,0.0967333972334443,0.737685344969963,0.7140432697203648,0.6804018872045515,0.5490365162207621,0.47719663921469585,0.4843320654029372
14.58611111111111,0.5752635446548902,0.6376629590355055,0.7185200292468612,0.09729791336247656,0.7399434094860919,0.7146077858493971,0.6809664033335838,0.5496010323497944,0.4777611553437281,0.48489658153196946
14.602777777777778,0.5758280607839225,0.6382274751645378,0.7207780937629902,0.09786242949150882,0.7422014740022209,0.7151723019784294,0.6815309194626161,0.5501655484788267,0.47832567147276034,0.4854610976610017
14.619444444444444,0.5763925769129548,0.6387919912935701,0.7230361582791192,0.09842694562054108,0.7444595385183499,0.7157368181074617,0.6820954355916484,0.550730064607859,0.4788901876017926,0.48602561379003395
14.636111111111111,0.5769570930419871,0.6393565074226024,0.7252942227952481,0.09899146174957334,0.7467176030344789,0.716301334236494,0.6826599517206807,0.5512945807368913,0.4794547037308248,0.4865901299190662
14.652777777777779,0.5775216091710194,0.6399210235516347,0.7275522873113771,0.0995559778786056,0.7489756675506078,0.7168658503655263,0.683224467849713,0.5518590968659236,0.48001921985985707,0.48715464604809844
14.669444444444444,0.5780861253000517,0.640485539680667,0.7298103518275061,0.10012049400763785,0.7512337320667368,0.7174303664945586,0.6837889839787453,0.5524236129949559,0.4805837359888893,0.4877191621771307
14.686111111111112,0.578650641429084,0.6410500558096993,0.7320684163436351,0.10068501013667011,0.7534917965828658,0.7179948826235909,0.6843535001077776,0.5529881291239882,0.48114825211792156,0.4882836783061629
14.702777777777778,0.5792151575581163,0.6416145719387316,0.734326480859764,0.10124952626570237,0.7557498610989948,0.7185593987526232,0.6849180162368099,0.5535526452530205,0.4817127682469538,0.48884819443519517
14.719444444444445,0.5797796736871486,0.6421790880677639,0.736584545375893,0.10181404239473463,0.7580079256151238,0.7191239148816555,0.6854825323658422,0.5541171613820528,0.48227728437598605,0.4894127105642274
14.73611111111111,0.5803441898161809,0.6427436041967962,0.738842609892022,0.10237855852376689,0.7602659901312527,0.7196884310106878,0.6860470484948745,0.5546816775110851,0.4828418005050183,0.48997722669325966
14.752777777777778,0.5809087059452132,0.6433081203258285,0.741100674408151,0.10294307465279914,0.7625240546473817,0.7202529471397201,0.6866115646239068,0.5552461936401174,0.48340631663405054,0.4905417428222919
14.769444444444444,0.5814732220742455,0.6438726364548608,0.74335873892428,0.1035075907818314,0.7647821191635107,0.7208174632687524,0.6871760807529391,0.5558107097691497,0.4839708327630828,0.49110625895132415
14.786111111111111,0.5820377382032778,0.6444371525838931,0.7456168034404089,0.10407210691086366,0.7670401836796397,0.7213819793977847,0.6877405968819714,0.556375225898182,0.484535348892115,0.4916707750803564
14.802777777777777,0.58260225433231,0.6450016687129254,0.7478748679565379,0.10463662303989592,0.7692982481957686,0.721946495526817,0.6883051130110037,0.5569397420272143,0.48509986502114727,0.49223529120938864
14.819444444444445,0.5831667704613424,0.6455661848419577,0.7501329324726669,0.10520113916892818,0.7715563127118976,0.7225110116558493,0.688869629140036,0.5575042581562466,0.4856643811501795,0.4927998073384209
14.83611111111111,0.5837312865903747,0.64613070097099,0.7523909969887959,0.10576565529796043,0.7738143772280266,0.7230755277848816,0.6894341452690683,0.5580687742852789,0.48622889727921176,0.4933643234674531
14.852777777777778,0.584295802719407,0.6466952171000223,0.7546490615049248,0.10633017142699269,0.7760724417441556,0.7236400439139139,0.6899986613981006,0.5586332904143112,0.486793413408244,0.49392883959648537
14.869444444444444,0.5848603188484393,0.6472597332290546,0.7569071260210538,0.10689468755602495,0.7783305062602845,0.7242045600429462,0.6905631775271329,0.5591978065433435,0.48735792953727625,0.4944933557255176
14.886111111111111,0.5854248349774716,0.6478242493580869,0.7591651905371828,0.10745920368505721,0.7805885707764135,0.7247690761719785,0.6911276936561652,0.5597623226723758,0.4879224456663085,0.49505787185454986
14.902777777777779,0.5859893511065039,0.6483887654871192,0.7614232550533118,0.10802371981408947,0.7828466352925425,0.7253335923010108,0.6916922097851975,0.5603268388014081,0.48848696179534074,0.4956223879835821
14.919444444444444,0.5865538672355362,0.6489532816161515,0.7636813195694407,0.10858823594312172,0.7851046998086715,0.7258981084300431,0.6922567259142298,0.5608913549304404,0.489051477924373,0.49618690411261435
14.936111111111112,0.5871183833645685,0.6495177977451838,0.7659393840855697,0.10915275207215398,0.7873627643248005,0.7264626245590754,0.6928212420432621,0.5614558710594727,0.4896159940534052,0.4967514202416466
14.952777777777778,0.5876828994936008,0.6500823138742161,0.7681974486016987,0.10971726820118624,0.7896208288409294,0.7270271406881077,0.6933857581722944,0.562020387188505,0.49018051018243747,0.49731593637067883
14.969444444444445,0.588247415622633,0.6506468300032484,0.7704555131178277,0.1102817843302185,0.7918788933570584,0.72759165681714,0.6939502743013267,0.5625849033175373,0.4907450263114697,0.4978804524997111
14.98611111111111,0.5888119317516654,0.6512113461322807,0.7727135776339566,0.11084630045925076,0.7941369578731874,0.7281561729461723,0.694514790430359,0.5631494194465696,0.49130954244050196,0.4984449686287433
15.002777777777778,0.5893764478806977,0.651775862261313,0.7749716421500856,0.11141081658828302,0.7963950223893164,0.7287206890752046,0.6950793065593913,0.5637139355756019,0.4918740585695342,0.49900948475777557
15.019444444444444,0.58994096400973,0.6523403783903453,0.7772297066662146,0.11197533271731527,0.7986530869054453,0.7292852052042369,0.6956438226884236,0.5642784517046342,0.49243857469856644,0.4995740008868078
15.036111111111111,0.5905054801387623,0.6529048945193776,0.7794877711823436,0.11253984884634753,0.8009111514215743,0.7298497213332692,0.6962083388174559,0.5648429678336665,0.4930030908275987,0.5001385170158401
15.052777777777777,0.5910699962677946,0.6534694106484099,0.7817458356984726,0.11310436497537979,0.8031692159377033,0.7304142374623015,0.6967728549464882,0.5654074839626988,0.49356760695663093,0.5007030331448724
15.069444444444445,0.5916345123968269,0.6540339267774422,0.7840039002146015,0.11366888110441205,0.8054272804538323,0.7309787535913338,0.6973373710755205,0.5659720000917311,0.4941321230856632,0.5012675492739047
15.08611111111111,0.5921990285258592,0.6545984429064745,0.7862619647307305,0.1142333972334443,0.8076853449699612,0.7315432697203661,0.6979018872045528,0.5665365162207634,0.4946966392146954,0.501832065402937
15.102777777777778,0.5927635446548914,0.6551629590355068,0.7885200292468595,0.11479791336247656,0.8099434094860902,0.7321077858493984,0.6984664033335851,0.5671010323497957,0.49526115534372767,0.5023965815319693
15.119444444444444,0.5933280607839237,0.6557274751645391,0.7907780937629885,0.11536242949150882,0.8122014740022192,0.7326723019784307,0.6990309194626174,0.567665548478828,0.4958256714727599,0.5029610976610016
15.136111111111111,0.593892576912956,0.6562919912935714,0.7930361582791174,0.11592694562054108,0.8144595385183482,0.733236818107463,0.6995954355916497,0.5682300646078603,0.49639018760179215,0.5035256137900339
15.152777777777779,0.5944570930419883,0.6568565074226037,0.7952942227952464,0.11649146174957334,0.8167176030344772,0.7338013342364953,0.700159951720682,0.5687945807368926,0.4969547037308244,0.5040901299190662
15.169444444444444,0.5950216091710206,0.657421023551636,0.7975522873113754,0.1170559778786056,0.8189756675506061,0.7343658503655276,0.7007244678497143,0.5693590968659249,0.49751921985985664,0.5046546460480985
15.186111111111112,0.595586125300053,0.6579855396806683,0.7998103518275044,0.11762049400763785,0.8212337320667351,0.7349303664945599,0.7012889839787466,0.5699236129949572,0.4980837359888889,0.5052191621771308
15.202777777777778,0.5961506414290852,0.6585500558097006,0.8020684163436334,0.11818501013667011,0.8234917965828641,0.7354948826235922,0.7018535001077789,0.5704881291239895,0.49864825211792113,0.5057836783061631
15.219444444444445,0.5967151575581175,0.6591145719387329,0.8043264808597623,0.11874952626570237,0.8257498610989931,0.7360593987526245,0.7024180162368112,0.5710526452530218,0.4992127682469534,0.5063481944351954
15.23611111111111,0.5972796736871498,0.6596790880677652,0.8065845453758913,0.11931404239473463,0.828007925615122,0.7366239148816568,0.7029825323658435,0.5716171613820541,0.4997772843759856,0.5069127105642277
15.252777777777778,0.5978441898161821,0.6602436041967975,0.8088426098920203,0.11987855852376689,0.830265990131251,0.7371884310106891,0.7035470484948758,0.5721816775110864,0.5003418005050179,0.50747722669326
15.269444444444444,0.5984087059452144,0.6608081203258298,0.8111006744081493,0.12044307465279915,0.83252405464738,0.7377529471397214,0.7041115646239081,0.5727461936401187,0.5009063166340502,0.5080417428222923
15.286111111111111,0.5989732220742467,0.6613726364548621,0.8133587389242782,0.1210075907818314,0.834782119163509,0.7383174632687537,0.7046760807529404,0.573310709769151,0.5014708327630825,0.5086062589513246
15.302777777777777,0.599537738203279,0.6619371525838944,0.8156168034404072,0.12157210691086366,0.837040183679638,0.738881979397786,0.7052405968819727,0.5738752258981833,0.5020353488921148,0.5091707750803569
15.319444444444445,0.6001022543323113,0.6625016687129267,0.8178748679565362,0.12213662303989592,0.8392982481957669,0.7394464955268183,0.705805113011005,0.5744397420272156,0.5025998650211471,0.5097352912093892
15.33611111111111,0.6006667704613436,0.663066184841959,0.8201329324726652,0.12270113916892818,0.8415563127118959,0.7400110116558506,0.7063696291400373,0.5750042581562479,0.5031643811501794,0.5102998073384215
15.352777777777778,0.601231286590376,0.6636307009709913,0.8223909969887941,0.12326565529796044,0.8438143772280249,0.7405755277848829,0.7069341452690696,0.5755687742852802,0.5037288972792117,0.5108643234674538
15.369444444444444,0.6017958027194082,0.6641952171000236,0.8246490615049231,0.1238301714269927,0.8460724417441539,0.7411400439139152,0.7074986613981019,0.5761332904143125,0.504293413408244,0.5114288395964861
15.386111111111111,0.6023603188484405,0.6647597332290559,0.8269071260210521,0.12439468755602495,0.8483305062602828,0.7417045600429475,0.7080631775271342,0.5766978065433448,0.5048579295372763,0.5119933557255184
15.402777777777779,0.6029248349774728,0.6653242493580882,0.8291651905371811,0.12495920368505721,0.8505885707764118,0.7422690761719798,0.7086276936561665,0.5772623226723771,0.5054224456663086,0.5125578718545507
15.419444444444444,0.6034893511065051,0.6658887654871205,0.83142325505331,0.12552371981408947,0.8528466352925408,0.7428335923010121,0.7091922097851988,0.5778268388014094,0.5059869617953409,0.513122387983583
15.436111111111112,0.6040538672355374,0.6664532816161528,0.833681319569439,0.12608823594312174,0.8551046998086698,0.7433981084300444,0.7097567259142311,0.5783913549304417,0.5065514779243732,0.5136869041126153
15.452777777777778,0.6046183833645697,0.6670177977451851,0.835939384085568,0.12665275207215398,0.8573627643247987,0.7439626245590767,0.7103212420432634,0.578955871059474,0.5071159940534055,0.5142514202416476
15.469444444444445,0.605182899493602,0.6675823138742174,0.838197448601697,0.12721726820118623,0.8596208288409277,0.744527140688109,0.7108857581722957,0.5795203871885063,0.5076805101824378,0.5148159363706799
15.48611111111111,0.6057474156226343,0.6681468300032497,0.840455513117826,0.12778178433021847,0.8618788933570567,0.7450916568171413,0.711450274301328,0.5800849033175386,0.5082450263114701,0.5153804524997122
15.502777777777778,0.6063119317516666,0.668711346132282,0.8427135776339549,0.12834630045925072,0.8641369578731857,0.7456561729461736,0.7120147904303603,0.5806494194465709,0.5088095424405024,0.5159449686287445
15.519444444444444,0.6068764478806989,0.6692758622613143,0.8449716421500839,0.12891081658828296,0.8663950223893147,0.7462206890752059,0.7125793065593926,0.5812139355756032,0.5093740585695347,0.5165094847577768
15.536111111111111,0.6074409640097312,0.6698403783903466,0.8472297066662129,0.1294753327173152,0.8686530869054436,0.7467852052042382,0.7131438226884249,0.5817784517046355,0.509938574698567,0.5170740008868091
15.552777777777777,0.6080054801387635,0.6704048945193789,0.8494877711823419,0.13003984884634745,0.8709111514215726,0.7473497213332705,0.7137083388174572,0.5823429678336678,0.5105030908275993,0.5176385170158414
15.569444444444445,0.6085699962677958,0.6709694106484112,0.8517458356984708,0.1306043649753797,0.8731692159377016,0.7479142374623028,0.7142728549464895,0.5829074839627001,0.5110676069566316,0.5182030331448737
15.58611111111111,0.6091345123968281,0.6715339267774435,0.8540039002145998,0.13116888110441194,0.8754272804538306,0.7484787535913351,0.7148373710755218,0.5834720000917324,0.5116321230856639,0.518767549273906
15.602777777777778,0.6096990285258604,0.6720984429064758,0.8562619647307288,0.13173339723344418,0.8776853449699595,0.7490432697203674,0.7154018872045541,0.5840365162207647,0.5121966392146962,0.5193320654029383
15.619444444444444,0.6102635446548927,0.6726629590355081,0.8585200292468578,0.13229791336247643,0.8799434094860885,0.7496077858493997,0.7159664033335864,0.584601032349797,0.5127611553437285,0.5198965815319706
15.636111111111111,0.610828060783925,0.6732274751645404,0.8607780937629868,0.13286242949150867,0.8822014740022175,0.750172301978432,0.7165309194626187,0.5851655484788293,0.5133256714727608,0.5204610976610029
15.652777777777779,0.6113925769129573,0.6737919912935727,0.8630361582791157,0.13342694562054092,0.8844595385183465,0.7507368181074643,0.717095435591651,0.5857300646078616,0.5138901876017931,0.5210256137900352
15.669444444444444,0.6119570930419896,0.674356507422605,0.8652942227952447,0.13399146174957316,0.8867176030344754,0.7513013342364966,0.7176599517206833,0.5862945807368939,0.5144547037308254,0.5215901299190675
15.686111111111112,0.6125216091710219,0.6749210235516373,0.8675522873113737,0.1345559778786054,0.8889756675506044,0.7518658503655289,0.7182244678497156,0.5868590968659262,0.5150192198598577,0.5221546460480998
15.702777777777778,0.6130861253000542,0.6754855396806696,0.8698103518275027,0.13512049400763765,0.8912337320667334,0.7524303664945612,0.7187889839787479,0.5874236129949585,0.51558373598889,0.5227191621771321
15.719444444444445,0.6136506414290865,0.6760500558097019,0.8720684163436316,0.1356850101366699,0.8934917965828624,0.7529948826235935,0.7193535001077802,0.5879881291239908,0.5161482521179223,0.5232836783061644
15.73611111111111,0.6142151575581188,0.6766145719387342,0.8743264808597606,0.13624952626570214,0.8957498610989914,0.7535593987526258,0.7199180162368125,0.5885526452530231,0.5167127682469546,0.5238481944351967
15.752777777777778,0.6147796736871511,0.6771790880677665,0.8765845453758896,0.13681404239473438,0.8980079256151203,0.7541239148816581,0.7204825323658448,0.5891171613820554,0.5172772843759869,0.524412710564229
15.769444444444444,0.6153441898161834,0.6777436041967988,0.8788426098920186,0.13737855852376663,0.9002659901312493,0.7546884310106904,0.7210470484948771,0.5896816775110877,0.5178418005050192,0.5249772266932613
15.786111111111111,0.6159087059452157,0.6783081203258311,0.8811006744081475,0.13794307465279887,0.14173250172362067,0.7552529471397227,0.7216115646239094,0.59024619364012,0.5184063166340515,0.5255417428222936
15.802777777777777,0.616473222074248,0.6788726364548634,0.8833587389242765,0.1385075907818311,0.1439905662397497,0.755817463268755,0.7221760807529417,0.5908107097691523,0.5189708327630838,0.5261062589513259
15.819444444444445,0.6170377382032803,0.6794371525838957,0.8856168034404055,0.13907210691086336,0.14624863075587874,0.7563819793977873,0.722740596881974,0.5913752258981846,0.5195353488921161,0.5266707750803582
15.83611111111111,0.6176022543323126,0.680001668712928,0.8878748679565345,0.1396366230398956,0.14850669527200777,0.7569464955268196,0.7233051130110063,0.5919397420272169,0.5200998650211484,0.5272352912093905
15.852777777777778,0.6181667704613449,0.6805661848419603,0.8901329324726635,0.14020113916892785,0.1507647597881368,0.7575110116558519,0.7238696291400386,0.5925042581562492,0.5206643811501807,0.5277998073384228
15.869444444444444,0.6187312865903772,0.6811307009709926,0.8923909969887924,0.1407656552979601,0.15302282430426584,0.7580755277848842,0.7244341452690709,0.5930687742852815,0.521228897279213,0.5283643234674551
15.886111111111111,0.6192958027194095,0.6816952171000249,0.8946490615049214,0.14133017142699233,0.15528088882039487,0.7586400439139165,0.7249986613981032,0.5936332904143138,0.5217934134082453,0.5289288395964874
15.902777777777779,0.6198603188484418,0.6822597332290572,0.8969071260210504,0.14189468755602458,0.1575389533365239,0.7592045600429488,0.7255631775271355,0.5941978065433461,0.5223579295372776,0.5294933557255197
15.919444444444444,0.6204248349774741,0.6828242493580895,0.8991651905371794,0.14245920368505682,0.15979701785265293,0.7597690761719811,0.7261276936561678,0.5947623226723784,0.5229224456663099,0.530057871854552
15.936111111111112,0.6209893511065064,0.6833887654871218,0.9014232550533083,0.14302371981408907,0.16205508236878197,0.7603335923010134,0.7266922097852001,0.5953268388014107,0.5234869617953422,0.5306223879835843
15.952777777777778,0.6215538672355387,0.6839532816161541,0.31503823846877094,0.1435882359431213,0.164313146884911,0.7608981084300457,0.7272567259142324,0.595891354930443,0.5240514779243745,0.5311869041126166
15.969444444444445,0.622118383364571,0.6845177977451864,0.3156027545978032,0.14415275207215356,0.16657121140104003,0.761462624559078,0.7278212420432647,0.5964558710594753,0.5246159940534068,0.5317514202416489
15.98611111111111,0.6226828994936033,0.6850823138742187,0.3161672707268354,0.1447172682011858,0.16882927591716906,0.7620271406881103,0.728385758172297,0.5970203871885076,0.525180510182439,0.5323159363706812
16.002777777777776,0.6232474156226356,0.685646830003251,0.31673178685586767,0.14528178433021804,0.1710873404332981,0.7625916568171426,0.7289502743013293,0.5975849033175399,0.5257450263114714,0.5328804524997135
16.019444444444446,0.6238119317516679,0.6862113461322833,0.3172963029848999,0.1458463004592503,0.17334540494942713,0.7631561729461749,0.7295147904303616,0.5981494194465722,0.5263095424405037,0.5334449686287458
16.03611111111111,0.6243764478807002,0.6867758622613156,0.31786081911393216,0.14641081658828253,0.17560346946555616,0.7637206890752072,0.7300793065593939,0.5987139355756045,0.526874058569536,0.5340094847577781
16.052777777777777,0.6249409640097325,0.6873403783903479,0.3184253352429644,0.14697533271731478,0.1778615339816852,0.7642852052042395,0.7306438226884262,0.5992784517046368,0.5274385746985683,0.5345740008868104
16.069444444444443,0.6255054801387648,0.6879048945193802,0.31898985137199665,0.14753984884634702,0.18011959849781423,0.7648497213332718,0.7312083388174585,0.5998429678336691,0.5280030908276006,0.5351385170158427
16.086111111111112,0.6260699962677971,0.6884694106484125,0.3195543675010289,0.14810436497537927,0.18237766301394326,0.7654142374623041,0.7317728549464908,0.6004074839627014,0.5285676069566329,0.535703033144875
16.102777777777778,0.6266345123968294,0.6890339267774448,0.32011888363006114,0.1486688811044115,0.1846357275300723,0.7659787535913364,0.7323373710755231,0.6009720000917337,0.5291321230856652,0.5362675492739073
16.119444444444444,0.6271990285258617,0.6895984429064771,0.3206833997590934,0.14923339723344375,0.18689379204620132,0.7665432697203687,0.7329018872045554,0.601536516220766,0.5296966392146975,0.5368320654029396
16.136111111111113,0.627763544654894,0.6901629590355094,0.3212479158881256,0.149797913362476,0.18915185656233036,0.767107785849401,0.7334664033335877,0.6021010323497983,0.5302611553437298,0.5373965815319719
16.15277777777778,0.6283280607839263,0.6907274751645417,0.32181243201715787,0.15036242949150824,0.1914099210784594,0.7676723019784333,0.73403091946262,0.6026655484788306,0.530825671472762,0.5379610976610042
16.169444444444444,0.6288925769129586,0.691291991293574,0.3223769481461901,0.1509269456205405,0.19366798559458842,0.7682368181074656,0.7345954355916523,0.6032300646078629,0.5313901876017944,0.5385256137900365
16.18611111111111,0.6294570930419909,0.6918565074226063,0.32294146427522236,0.15149146174957273,0.19592605011071745,0.7688013342364979,0.7351599517206846,0.6037945807368952,0.5319547037308267,0.5390901299190688
16.20277777777778,0.6300216091710232,0.6924210235516386,0.3235059804042546,0.15205597787860498,0.19818411462684649,0.7693658503655302,0.7357244678497169,0.6043590968659275,0.532519219859859,0.5396546460481011
16.219444444444445,0.6305861253000555,0.6929855396806709,0.32407049653328684,0.15262049400763722,0.20044217914297552,0.7699303664945625,0.7362889839787492,0.6049236129949598,0.5330837359888912,0.5402191621771334
16.23611111111111,0.6311506414290878,0.6935500558097032,0.3246350126623191,0.15318501013666946,0.20270024365910455,0.7704948826235948,0.7368535001077815,0.6054881291239921,0.5336482521179235,0.5407836783061657
16.252777777777776,0.6317151575581201,0.6941145719387355,0.32519952879135133,0.1537495262657017,0.20495830817523358,0.7710593987526271,0.7374180162368138,0.6060526452530244,0.5342127682469558,0.541348194435198
16.269444444444446,0.6322796736871524,0.6946790880677678,0.3257640449203836,0.15431404239473395,0.20721637269136262,0.7716239148816594,0.7379825323658461,0.6066171613820567,0.5347772843759881,0.5419127105642303
16.28611111111111,0.6328441898161847,0.6952436041968001,0.3263285610494158,0.1548785585237662,0.20947443720749165,0.7721884310106917,0.7385470484948784,0.607181677511089,0.5353418005050204,0.5424772266932626
16.302777777777777,0.633408705945217,0.6958081203258324,0.32689307717844807,0.15544307465279844,0.21173250172362068,0.772752947139724,0.7391115646239107,0.6077461936401213,0.5359063166340527,0.5430417428222949
16.319444444444443,0.6339732220742493,0.6963726364548647,0.3274575933074803,0.15600759078183069,0.2139905662397497,0.7733174632687563,0.739676080752943,0.6083107097691536,0.536470832763085,0.5436062589513272
16.336111111111112,0.6345377382032816,0.696937152583897,0.32802210943651255,0.15657210691086293,0.21624863075587875,0.7738819793977886,0.7402405968819753,0.6088752258981859,0.5370353488921173,0.5441707750803595
16.352777777777778,0.6351022543323139,0.6975016687129293,0.3285866255655448,0.15713662303989517,0.21850669527200778,0.7744464955268209,0.7408051130110076,0.6094397420272182,0.5375998650211496,0.5447352912093918
16.369444444444444,0.6356667704613462,0.6980661848419616,0.32915114169457704,0.15770113916892742,0.2207647597881368,0.7750110116558532,0.7413696291400399,0.6100042581562505,0.538164381150182,0.5452998073384241
16.386111111111113,0.6362312865903785,0.6986307009709939,0.3297156578236093,0.15826565529795966,0.22302282430426584,0.7755755277848855,0.7419341452690722,0.6105687742852828,0.5387288972792142,0.5458643234674564
16.40277777777778,0.6367958027194108,0.6991952171000262,0.33028017395264153,0.1588301714269919,0.22528088882039488,0.7761400439139178,0.7424986613981045,0.6111332904143151,0.5392934134082465,0.5464288395964887
16.419444444444444,0.6373603188484431,0.6997597332290585,0.3308446900816738,0.15939468755602415,0.2275389533365239,0.7767045600429501,0.7430631775271368,0.6116978065433474,0.5398579295372788,0.546993355725521
16.43611111111111,0.6379248349774754,0.7003242493580908,0.331409206210706,0.1599592036850564,0.22979701785265294,0.7772690761719824,0.7436276936561691,0.6122623226723797,0.5404224456663111,0.5475578718545533
16.45277777777778,0.6384893511065077,0.7008887654871231,0.33197372233973826,0.16052371981408864,0.23205508236878197,0.7778335923010147,0.7441922097852014,0.612826838801412,0.5409869617953434,0.5481223879835856
16.469444444444445,0.63905386723554,0.7014532816161554,0.3325382384687705,0.16108823594312088,0.234313146884911,0.778398108430047,0.7447567259142337,0.6133913549304443,0.5415514779243757,0.5486869041126179
16.48611111111111,0.6396183833645723,0.7020177977451877,0.33310275459780275,0.16165275207215313,0.23657121140104004,0.7789626245590793,0.745321242043266,0.6139558710594766,0.542115994053408,0.5492514202416502
16.502777777777776,0.6401828994936046,0.70258231387422,0.333667270726835,0.16221726820118537,0.23882927591716907,0.7795271406881116,0.7458857581722983,0.6145203871885089,0.5426805101824403,0.5498159363706825
16.519444444444446,0.6407474156226369,0.7031468300032523,0.33423178685586724,0.16278178433021762,0.2410873404332981,0.7800916568171439,0.7464502743013306,0.6150849033175412,0.5432450263114726,0.5503804524997148
16.53611111111111,0.6413119317516692,0.7037113461322846,0.3347963029848995,0.16334630045924986,0.24334540494942714,0.7806561729461762,0.7470147904303629,0.6156494194465735,0.543809542440505,0.5509449686287471
16.552777777777777,0.6418764478807015,0.7042758622613169,0.33536081911393173,0.1639108165882821,0.24560346946555617,0.7812206890752085,0.7475793065593952,0.6162139355756058,0.5443740585695372,0.5515094847577794
16.569444444444443,0.6424409640097338,0.7048403783903492,0.335925335242964,0.16447533271731435,0.2478615339816852,0.7817852052042408,0.7481438226884275,0.6167784517046381,0.5449385746985695,0.5520740008868117
16.586111111111112,0.6430054801387661,0.7054048945193815,0.3364898513719962,0.1650398488463466,0.25011959849781423,0.7823497213332731,0.7487083388174598,0.6173429678336704,0.5455030908276018,0.552638517015844
16.602777777777778,0.6435699962677984,0.7059694106484138,0.33705436750102846,0.16560436497537884,0.25237766301394327,0.7829142374623054,0.7492728549464921,0.6179074839627027,0.5460676069566341,0.5532030331448763
16.619444444444444,0.6441345123968307,0.7065339267774461,0.3376188836300607,0.16616888110441108,0.2546357275300723,0.7834787535913377,0.7498373710755244,0.618472000091735,0.5466321230856664,0.5537675492739086
16.636111111111113,0.644699028525863,0.7070984429064784,0.33818339975909295,0.16673339723344333,0.25689379204620133,0.78404326972037,0.7504018872045567,0.6190365162207673,0.5471966392146987,0.5543320654029409
16.65277777777778,0.6452635446548953,0.7076629590355107,0.3387479158881252,0.16729791336247557,0.25915185656233036,0.7846077858494023,0.750966403333589,0.6196010323497996,0.547761155343731,0.5548965815319732
16.669444444444444,0.6458280607839276,0.708227475164543,0.33931243201715744,0.16786242949150781,0.2614099210784594,0.7851723019784346,0.7515309194626213,0.6201655484788319,0.5483256714727633,0.5554610976610055
16.68611111111111,0.6463925769129599,0.7087919912935753,0.3398769481461897,0.16842694562054006,0.2636679855945884,0.7857368181074669,0.7520954355916536,0.6207300646078642,0.5488901876017956,0.5560256137900378
16.70277777777778,0.6469570930419922,0.7093565074226076,0.34044146427522193,0.1689914617495723,0.26592605011071746,0.7863013342364992,0.7526599517206859,0.6212945807368965,0.5494547037308279,0.5565901299190701
16.719444444444445,0.6475216091710245,0.7099210235516399,0.34100598040425417,0.16955597787860455,0.2681841146268465,0.7868658503655315,0.7532244678497182,0.6218590968659288,0.5500192198598602,0.5571546460481024
16.73611111111111,0.6480861253000568,0.7104855396806722,0.3415704965332864,0.1701204940076368,0.2704421791429755,0.7874303664945638,0.7537889839787505,0.6224236129949611,0.5505837359888925,0.5577191621771347
16.752777777777776,0.6486506414290891,0.7110500558097045,0.34213501266231866,0.17068501013666904,0.27270024365910456,0.7879948826235961,0.7543535001077828,0.6229881291239934,0.5511482521179248,0.558283678306167
16.769444444444446,0.6492151575581214,0.7116145719387368,0.3426995287913509,0.17124952626570128,0.2749583081752336,0.7885593987526284,0.7549180162368151,0.6235526452530257,0.5517127682469571,0.5588481944351993
16.78611111111111,0.6497796736871537,0.7121790880677691,0.34326404492038315,0.17181404239473352,0.2772163726913626,0.7891239148816607,0.7554825323658474,0.624117161382058,0.5522772843759894,0.5594127105642316
16.802777777777777,0.650344189816186,0.7127436041968014,0.3438285610494154,0.17237855852376577,0.27947443720749165,0.789688431010693,0.7560470484948797,0.6246816775110903,0.5528418005050217,0.5599772266932639
16.819444444444443,0.6509087059452183,0.7133081203258337,0.34439307717844764,0.172943074652798,0.2817325017236207,0.7902529471397253,0.756611564623912,0.6252461936401226,0.553406316634054,0.5605417428222962
16.836111111111112,0.6514732220742506,0.713872636454866,0.3449575933074799,0.17350759078183026,0.2839905662397497,0.7908174632687576,0.7571760807529443,0.6258107097691549,0.5539708327630863,0.5611062589513285
16.852777777777778,0.6520377382032829,0.7144371525838983,0.3455221094365121,0.1740721069108625,0.28624863075587875,0.7913819793977899,0.7577405968819766,0.6263752258981872,0.5545353488921186,0.5616707750803608
16.869444444444444,0.6526022543323152,0.7150016687129306,0.34608662556554437,0.17463662303989475,0.2885066952720078,0.7919464955268222,0.7583051130110089,0.6269397420272195,0.5550998650211509,0.5622352912093931
16.886111111111113,0.6531667704613475,0.7155661848419629,0.3466511416945766,0.175201139168927,0.2907647597881368,0.7925110116558545,0.7588696291400412,0.6275042581562518,0.5556643811501832,0.5627998073384254
16.90277777777778,0.6537312865903798,0.7161307009709952,0.34721565782360886,0.17576565529795923,0.29302282430426585,0.7930755277848868,0.7594341452690735,0.6280687742852841,0.5562288972792155,0.5633643234674577
16.919444444444444,0.6542958027194121,0.7166952171000275,0.3477801739526411,0.17633017142699148,0.2952808888203949,0.7936400439139191,0.7599986613981058,0.6286332904143164,0.5567934134082478,0.56392883959649
16.93611111111111,0.6548603188484444,0.7172597332290598,0.34834469008167335,0.17689468755602372,0.2975389533365239,0.7942045600429514,0.7605631775271381,0.6291978065433487,0.5573579295372801,0.5644933557255223
16.95277777777778,0.6554248349774767,0.7178242493580921,0.3489092062107056,0.17745920368505597,0.29979701785265295,0.7947690761719837,0.7611276936561704,0.629762322672381,0.5579224456663124,0.5650578718545546
16.969444444444445,0.655989351106509,0.7183887654871244,0.34947372233973784,0.1780237198140882,0.302055082368782,0.795333592301016,0.7616922097852027,0.6303268388014133,0.5584869617953447,0.5656223879835869
16.98611111111111,0.6565538672355413,0.7189532816161567,0.3500382384687701,0.17858823594312045,0.304313146884911,0.7958981084300483,0.762256725914235,0.6308913549304456,0.559051477924377,0.5661869041126192
17.002777777777776,0.6571183833645736,0.719517797745189,0.3506027545978023,0.1791527520721527,0.30657121140104004,0.7964626245590806,0.7628212420432673,0.6314558710594779,0.5596159940534093,0.5667514202416515
17.019444444444446,0.6576828994936059,0.7200823138742213,0.35116727072683457,0.17971726820118494,0.3088292759171691,0.7970271406881129,0.7633857581722996,0.6320203871885102,0.5601805101824416,0.5673159363706838
17.03611111111111,0.6582474156226382,0.7206468300032536,0.3517317868558668,0.1802817843302172,0.3110873404332981,0.7975916568171452,0.7639502743013319,0.6325849033175425,0.5607450263114739,0.5678804524997161
17.052777777777777,0.6588119317516705,0.7212113461322859,0.35229630298489906,0.18084630045924943,0.31334540494942714,0.7981561729461775,0.7645147904303642,0.6331494194465748,0.5613095424405062,0.5684449686287484
17.069444444444443,0.6593764478807028,0.7217758622613182,0.3528608191139313,0.18141081658828168,0.3156034694655562,0.7987206890752098,0.7650793065593965,0.6337139355756071,0.5618740585695385,0.5690094847577807
17.086111111111112,0.6599409640097351,0.7223403783903505,0.35342533524296355,0.18197533271731392,0.3178615339816852,0.7992852052042421,0.7656438226884288,0.6342784517046394,0.5624385746985708,0.569574000886813
17.102777777777778,0.6605054801387674,0.7229048945193828,0.3539898513719958,0.18253984884634616,0.32011959849781424,0.7998497213332744,0.7662083388174611,0.6348429678336717,0.5630030908276031,0.5701385170158453
17.119444444444444,0.6610699962677997,0.7234694106484151,0.35455436750102803,0.1831043649753784,0.32237766301394327,0.8004142374623067,0.7667728549464934,0.635407483962704,0.5635676069566354,0.5707030331448776
17.136111111111113,0.661634512396832,0.7240339267774474,0.3551188836300603,0.18366888110441065,0.3246357275300723,0.800978753591339,0.7673373710755257,0.6359720000917363,0.5641321230856677,0.5712675492739099
17.15277777777778,0.6621990285258643,0.7245984429064797,0.3556833997590925,0.1842333972334429,0.32689379204620134,0.8015432697203713,0.767901887204558,0.6365365162207686,0.5646966392147,0.5718320654029422
17.169444444444444,0.6627635446548966,0.725162959035512,0.35624791588812477,0.18479791336247514,0.32915185656233037,0.8021077858494036,0.7684664033335903,0.6371010323498009,0.5652611553437323,0.5723965815319745
17.18611111111111,0.6633280607839289,0.7257274751645443,0.356812432017157,0.18536242949150739,0.3314099210784594,0.8026723019784359,0.7690309194626226,0.6376655484788332,0.5658256714727646,0.5729610976610068
17.20277777777778,0.6638925769129612,0.7262919912935766,0.35737694814618925,0.18592694562053963,0.33366798559458843,0.8032368181074682,0.7695954355916549,0.6382300646078655,0.5663901876017969,0.5735256137900391
17.219444444444445,0.6644570930419935,0.7268565074226089,0.3579414642752215,0.18649146174957187,0.33592605011071747,0.8038013342365005,0.7701599517206872,0.6387945807368978,0.5669547037308292,0.5740901299190714
17.23611111111111,0.6650216091710258,0.7274210235516412,0.35850598040425374,0.18705597787860412,0.3381841146268465,0.8043658503655328,0.7707244678497195,0.6393590968659301,0.5675192198598615,0.5746546460481037
17.252777777777776,0.6655861253000581,0.7279855396806735,0.359070496533286,0.18762049400763636,0.34044217914297553,0.8049303664945651,0.7712889839787518,0.6399236129949624,0.5680837359888938,0.575219162177136
17.269444444444446,0.6661506414290904,0.7285500558097058,0.35963501266231823,0.1881850101366686,0.34270024365910456,0.8054948826235974,0.7718535001077841,0.6404881291239947,0.5686482521179261,0.5757836783061683
17.28611111111111,0.6667151575581227,0.7291145719387381,0.3601995287913505,0.18874952626570085,0.3449583081752336,0.8060593987526297,0.7724180162368164,0.641052645253027,0.5692127682469584,0.5763481944352006
17.302777777777777,0.667279673687155,0.7296790880677704,0.3607640449203827,0.1893140423947331,0.34721637269136263,0.806623914881662,0.7729825323658487,0.6416171613820593,0.5697772843759907,0.5769127105642329
17.319444444444443,0.6678441898161873,0.7302436041968027,0.36132856104941496,0.18987855852376534,0.34947443720749166,0.8071884310106943,0.773547048494881,0.6421816775110916,0.570341800505023,0.5774772266932652
17.336111111111112,0.6684087059452196,0.730808120325835,0.3618930771784472,0.19044307465279758,0.3517325017236207,0.8077529471397266,0.7741115646239133,0.6427461936401239,0.5709063166340553,0.5780417428222975
17.352777777777778,0.6689732220742519,0.7313726364548673,0.36245759330747945,0.19100759078182983,0.3539905662397497,0.8083174632687589,0.7746760807529456,0.6433107097691562,0.5714708327630876,0.5786062589513298
17.369444444444444,0.6695377382032842,0.7319371525838996,0.3630221094365117,0.19157210691086207,0.35624863075587876,0.8088819793977912,0.7752405968819779,0.6438752258981885,0.5720353488921199,0.5791707750803621
17.386111111111113,0.6701022543323165,0.7325016687129319,0.36358662556554394,0.19213662303989432,0.3585066952720078,0.8094464955268235,0.7758051130110102,0.6444397420272208,0.5725998650211522,0.5797352912093944
17.40277777777778,0.6706667704613488,0.7330661848419642,0.3641511416945762,0.19270113916892656,0.3607647597881368,0.8100110116558558,0.7763696291400425,0.6450042581562531,0.5731643811501845,0.5802998073384267
17.419444444444444,0.6712312865903811,0.7336307009709965,0.36471565782360843,0.1932656552979588,0.36302282430426586,0.8105755277848881,0.7769341452690748,0.6455687742852854,0.5737288972792168,0.580864323467459
17.43611111111111,0.6717958027194134,0.7341952171000288,0.3652801739526407,0.19383017142699105,0.3652808888203949,0.8111400439139204,0.7774986613981071,0.6461332904143177,0.5742934134082491,0.5814288395964913
17.45277777777778,0.6723603188484457,0.7347597332290611,0.3658446900816729,0.1943946875560233,0.3675389533365239,0.8117045600429527,0.7780631775271394,0.64669780654335,0.5748579295372814,0.5819933557255236
17.469444444444445,0.672924834977478,0.7353242493580934,0.36640920621070516,0.19495920368505554,0.36979701785265295,0.812269076171985,0.7786276936561717,0.6472623226723823,0.5754224456663137,0.5825578718545559
17.48611111111111,0.6734893511065103,0.7358887654871257,0.3669737223397374,0.19552371981408778,0.372055082368782,0.8128335923010173,0.779192209785204,0.6478268388014146,0.575986961795346,0.5831223879835882
17.502777777777776,0.6740538672355426,0.736453281616158,0.36753823846876965,0.19608823594312003,0.374313146884911,0.8133981084300496,0.7797567259142363,0.6483913549304469,0.5765514779243783,0.5836869041126205
17.519444444444446,0.6746183833645749,0.7370177977451903,0.3681027545978019,0.19665275207215227,0.37657121140104005,0.8139626245590819,0.7803212420432686,0.6489558710594792,0.5771159940534106,0.5842514202416528
17.53611111111111,0.6751828994936072,0.7375823138742226,0.36866727072683414,0.19721726820118451,0.3788292759171691,0.8145271406881142,0.7808857581723009,0.6495203871885115,0.5776805101824429,0.5848159363706851
17.552777777777777,0.6757474156226395,0.7381468300032549,0.3692317868558664,0.19778178433021676,0.3810873404332981,0.8150916568171465,0.7814502743013332,0.6500849033175438,0.5782450263114752,0.5853804524997174
17.569444444444443,0.6763119317516718,0.7387113461322872,0.36979630298489863,0.198346300459249,0.38334540494942715,0.8156561729461788,0.7820147904303655,0.6506494194465761,0.5788095424405075,0.5859449686287497
17.586111111111112,0.6768764478807041,0.7392758622613195,0.3703608191139309,0.19891081658828125,0.3856034694655562,0.8162206890752111,0.7825793065593978,0.6512139355756084,0.5793740585695398,0.586509484757782
17.602777777777778,0.6774409640097364,0.7398403783903518,0.3709253352429631,0.1994753327173135,0.3878615339816852,0.8167852052042434,0.7831438226884301,0.6517784517046407,0.5799385746985721,0.5870740008868143
17.619444444444444,0.6780054801387687,0.7404048945193841,0.37148985137199536,0.20003984884634574,0.39011959849781425,0.8173497213332757,0.7837083388174624,0.652342967833673,0.5805030908276044,0.5876385170158466
17.636111111111113,0.678569996267801,0.7409694106484164,0.3720543675010276,0.20060436497537798,0.3923776630139433,0.817914237462308,0.7842728549464947,0.6529074839627053,0.5810676069566367,0.5882030331448789
17.65277777777778,0.6791345123968333,0.7415339267774487,0.37261888363005985,0.20116888110441022,0.3946357275300723,0.8184787535913403,0.784837371075527,0.6534720000917376,0.581632123085669,0.5887675492739112
17.669444444444444,0.6796990285258656,0.742098442906481,0.3731833997590921,0.20173339723344247,0.39689379204620134,0.8190432697203726,0.7854018872045593,0.6540365162207699,0.5821966392147013,0.5893320654029435
17.68611111111111,0.6802635446548979,0.7426629590355133,0.37374791588812434,0.2022979133624747,0.3991518565623304,0.8196077858494049,0.7859664033335916,0.6546010323498022,0.5827611553437336,0.5898965815319758
17.70277777777778,0.6808280607839302,0.7432274751645456,0.3743124320171566,0.20286242949150696,0.4014099210784594,0.8201723019784372,0.7865309194626239,0.6551655484788345,0.5833256714727659,0.5904610976610081
17.719444444444445,0.6813925769129625,0.7437919912935779,0.3748769481461888,0.2034269456205392,0.40366798559458844,0.8207368181074695,0.7870954355916562,0.6557300646078668,0.5838901876017982,0.5910256137900404
17.73611111111111,0.6819570930419948,0.7443565074226102,0.37544146427522107,0.20399146174957145,0.4059260501107175,0.8213013342365018,0.7876599517206885,0.6562945807368991,0.5844547037308305,0.5915901299190727
17.752777777777776,0.6825216091710271,0.7449210235516425,0.3760059804042533,0.2045559778786037,0.4081841146268465,0.8218658503655341,0.7882244678497208,0.6568590968659314,0.5850192198598628,0.592154646048105
17.769444444444446,0.6830861253000594,0.7454855396806748,0.37657049653328556,0.20512049400763593,0.41044217914297554,0.8224303664945664,0.7887889839787531,0.6574236129949637,0.5855837359888951,0.5927191621771373
17.78611111111111,0.6836506414290917,0.7460500558097071,0.3771350126623178,0.20568501013666818,0.41270024365910457,0.8229948826235987,0.7893535001077854,0.657988129123996,0.5861482521179274,0.5932836783061696
17.802777777777777,0.684215157558124,0.7466145719387394,0.37769952879135005,0.20624952626570042,0.4149583081752336,0.823559398752631,0.7899180162368177,0.6585526452530283,0.5867127682469597,0.5938481944352019
17.819444444444443,0.6847796736871563,0.7471790880677717,0.3782640449203823,0.20681404239473267,0.41721637269136264,0.8241239148816633,0.79048253236585,0.6591171613820606,0.587277284375992,0.5944127105642342
17.836111111111112,0.6853441898161886,0.747743604196804,0.37882856104941454,0.2073785585237649,0.41947443720749167,0.8246884310106956,0.7910470484948823,0.6596816775110929,0.5878418005050243,0.5949772266932665
17.852777777777778,0.6859087059452209,0.7483081203258363,0.3793930771784468,0.20794307465279716,0.4217325017236207,0.8252529471397279,0.7916115646239146,0.6602461936401252,0.5884063166340566,0.5955417428222988
17.869444444444444,0.6864732220742532,0.7488726364548686,0.379957593307479,0.2085075907818294,0.42399056623974973,0.8258174632687602,0.7921760807529469,0.6608107097691575,0.5889708327630889,0.5961062589513311
17.886111111111113,0.6870377382032855,0.7494371525839009,0.38052210943651127,0.20907210691086164,0.42624863075587877,0.8263819793977925,0.7927405968819792,0.6613752258981898,0.5895353488921212,0.5966707750803634
17.90277777777778,0.6876022543323178,0.7500016687129332,0.3810866255655435,0.2096366230398939,0.4285066952720078,0.8269464955268248,0.7933051130110115,0.6619397420272221,0.5900998650211535,0.5972352912093957
17.919444444444444,0.6881667704613501,0.7505661848419655,0.38165114169457576,0.21020113916892613,0.43076475978813683,0.827511011655857,0.7938696291400438,0.6625042581562544,0.5906643811501858,0.597799807338428
17.93611111111111,0.6887312865903824,0.7511307009709978,0.382215657823608,0.21076565529795838,0.43302282430426586,0.8280755277848894,0.7944341452690761,0.6630687742852867,0.5912288972792181,0.5983643234674603
17.95277777777778,0.6892958027194147,0.7516952171000301,0.38278017395264025,0.21133017142699062,0.4352808888203949,0.8286400439139217,0.7949986613981084,0.663633290414319,0.5917934134082504,0.5989288395964926
17.969444444444445,0.689860318848447,0.7522597332290624,0.3833446900816725,0.21189468755602286,0.43753895333652393,0.829204560042954,0.7955631775271407,0.6641978065433513,0.5923579295372827,0.5994933557255249
17.98611111111111,0.6904248349774793,0.7528242493580947,0.38390920621070473,0.2124592036850551,0.43979701785265296,0.8297690761719863,0.796127693656173,0.6647623226723836,0.592922445666315,0.6000578718545572
18.002777777777776,0.6909893511065116,0.753388765487127,0.384473722339737,0.21302371981408735,0.442055082368782,0.8303335923010186,0.7966922097852053,0.6653268388014159,0.5934869617953473,0.6006223879835895
18.019444444444446,0.6915538672355439,0.7539532816161593,0.3850382384687692,0.2135882359431196,0.444313146884911,0.8308981084300509,0.7972567259142376,0.6658913549304482,0.5940514779243796,0.6011869041126218
18.03611111111111,0.6921183833645762,0.7545177977451916,0.38560275459780147,0.21415275207215184,0.44657121140104006,0.8314626245590832,0.7978212420432699,0.6664558710594805,0.5946159940534119,0.6017514202416541
18.052777777777777,0.6926828994936085,0.7550823138742239,0.3861672707268337,0.21471726820118409,0.4488292759171691,0.8320271406881155,0.7983857581723022,0.6670203871885128,0.5951805101824442,0.6023159363706864
18.069444444444443,0.6932474156226408,0.7556468300032562,0.38673178685586596,0.21528178433021633,0.4510873404332981,0.8325916568171478,0.7989502743013345,0.667584903317545,0.5957450263114765,0.6028804524997187
18.086111111111112,0.6938119317516731,0.7562113461322885,0.3872963029848982,0.21584630045924857,0.45334540494942716,0.83315617294618,0.7995147904303668,0.6681494194465774,0.5963095424405088,0.603444968628751
18.102777777777778,0.6943764478807054,0.7567758622613208,0.38786081911393044,0.21641081658828082,0.4556034694655562,0.8337206890752124,0.8000793065593991,0.6687139355756097,0.5968740585695411,0.6040094847577833
18.119444444444444,0.6949409640097377,0.7573403783903531,0.3884253352429627,0.21697533271731306,0.4578615339816852,0.8342852052042447,0.8006438226884314,0.669278451704642,0.5974385746985734,0.6045740008868156
18.136111111111113,0.69550548013877,0.7579048945193854,0.38898985137199493,0.2175398488463453,0.46011959849781425,0.834849721333277,0.8012083388174637,0.6698429678336743,0.5980030908276057,0.6051385170158479
18.15277777777778,0.6960699962678023,0.7584694106484177,0.3895543675010272,0.21810436497537755,0.4623776630139433,0.8354142374623093,0.801772854946496,0.6704074839627066,0.598567606956638,0.6057030331448802
18.169444444444444,0.6966345123968346,0.75903392677745,0.3901188836300594,0.2186688811044098,0.4646357275300723,0.8359787535913416,0.8023373710755283,0.6709720000917389,0.5991321230856703,0.6062675492739125
18.18611111111111,0.6971990285258669,0.7595984429064823,0.39068339975909167,0.21923339723344204,0.46689379204620135,0.8365432697203738,0.8029018872045606,0.6715365162207712,0.5996966392147026,0.6068320654029448
18.20277777777778,0.6977635446548992,0.7601629590355146,0.3912479158881239,0.21979791336247428,0.4691518565623304,0.8371077858494061,0.8034664033335929,0.6721010323498035,0.6002611553437349,0.6073965815319771
18.219444444444445,0.6983280607839315,0.7607274751645469,0.39181243201715615,0.22036242949150653,0.4714099210784594,0.8376723019784384,0.8040309194626252,0.6726655484788358,0.6008256714727672,0.6079610976610094
18.23611111111111,0.6988925769129638,0.7612919912935792,0.3923769481461884,0.22092694562053877,0.47366798559458845,0.8382368181074707,0.8045954355916575,0.673230064607868,0.6013901876017995,0.6085256137900417
18.252777777777776,0.6994570930419961,0.7618565074226115,0.39294146427522064,0.22149146174957102,0.4759260501107175,0.838801334236503,0.8051599517206898,0.6737945807369004,0.6019547037308318,0.609090129919074
18.269444444444446,0.7000216091710284,0.7624210235516438,0.3935059804042529,0.22205597787860326,0.4781841146268465,0.8393658503655353,0.8057244678497221,0.6743590968659327,0.6025192198598641,0.6096546460481063
18.28611111111111,0.7005861253000607,0.7629855396806761,0.39407049653328513,0.2226204940076355,0.48044217914297555,0.8399303664945676,0.8062889839787544,0.674923612994965,0.6030837359888964,0.6102191621771386
18.302777777777777,0.701150641429093,0.7635500558097084,0.3946350126623174,0.22318501013666775,0.4827002436591046,0.8404948826236,0.8068535001077867,0.6754881291239972,0.6036482521179287,0.6107836783061709
18.319444444444443,0.7017151575581253,0.7641145719387407,0.3951995287913496,0.2237495262657,0.4849583081752336,0.8410593987526322,0.807418016236819,0.6760526452530295,0.604212768246961,0.6113481944352032
18.336111111111112,0.7022796736871576,0.764679088067773,0.39576404492038186,0.22431404239473224,0.48721637269136264,0.8416239148816645,0.8079825323658513,0.6766171613820618,0.6047772843759933,0.6119127105642355
18.352777777777778,0.7028441898161899,0.7652436041968053,0.3963285610494141,0.22487855852376448,0.4894744372074917,0.8421884310106968,0.8085470484948836,0.6771816775110941,0.6053418005050256,0.6124772266932678
18.369444444444444,0.7034087059452222,0.7658081203258376,0.39689307717844635,0.22544307465279673,0.4917325017236207,0.8427529471397291,0.8091115646239159,0.6777461936401264,0.6059063166340579,0.6130417428223001
18.386111111111113,0.7039732220742545,0.7663726364548699,0.3974575933074786,0.22600759078182897,0.49399056623974974,0.8433174632687614,0.8096760807529482,0.6783107097691587,0.6064708327630902,0.6136062589513324
18.40277777777778,0.7045377382032868,0.7669371525839022,0.39802210943651084,0.22657210691086122,0.4962486307558788,0.8438819793977937,0.8102405968819805,0.678875225898191,0.6070353488921225,0.6141707750803647
18.419444444444444,0.7051022543323191,0.7675016687129345,0.3985866255655431,0.22713662303989346,0.4985066952720078,0.844446495526826,0.8108051130110128,0.6794397420272233,0.6075998650211548,0.614735291209397
18.43611111111111,0.7056667704613514,0.7680661848419668,0.39915114169457533,0.2277011391689257,0.5007647597881368,0.8450110116558583,0.8113696291400451,0.6800042581562556,0.6081643811501871,0.6152998073384293
18.45277777777778,0.7062312865903837,0.7686307009709991,0.3997156578236076,0.22826565529795795,0.5030228243042658,0.8455755277848906,0.8119341452690774,0.680568774285288,0.6087288972792194,0.6158643234674616
18.469444444444445,0.706795802719416,0.7691952171000314,0.4002801739526398,0.2288301714269902,0.5052808888203948,0.846140043913923,0.8124986613981097,0.6811332904143202,0.6092934134082517,0.6164288395964939
18.48611111111111,0.7073603188484483,0.7697597332290637,0.40084469008167206,0.22939468755602244,0.5075389533365238,0.8467045600429552,0.813063177527142,0.6816978065433525,0.609857929537284,0.6169933557255262
18.502777777777776,0.7079248349774806,0.770324249358096,0.4014092062107043,0.22995920368505468,0.5097970178526527,0.8472690761719875,0.8136276936561743,0.6822623226723848,0.6104224456663163,0.6175578718545585
18.519444444444446,0.7084893511065129,0.7708887654871283,0.40197372233973655,0.23052371981408692,0.5120550823687817,0.8478335923010198,0.8141922097852066,0.6828268388014171,0.6109869617953486,0.6181223879835908
18.53611111111111,0.7090538672355452,0.7714532816161606,0.4025382384687688,0.23108823594311917,0.5143131468849107,0.8483981084300521,0.8147567259142389,0.6833913549304494,0.6115514779243809,0.6186869041126231
18.552777777777777,0.7096183833645775,0.7720177977451929,0.40310275459780104,0.2316527520721514,0.5165712114010397,0.8489626245590844,0.8153212420432712,0.6839558710594817,0.6121159940534132,0.6192514202416554
18.569444444444443,0.7101828994936098,0.7725823138742252,0.4036672707268333,0.23221726820118366,0.5188292759171687,0.8495271406881167,0.8158857581723035,0.684520387188514,0.6126805101824455,0.6198159363706877
18.586111111111112,0.7107474156226421,0.7731468300032575,0.4042317868558655,0.2327817843302159,0.5210873404332976,0.850091656817149,0.8164502743013358,0.6850849033175463,0.6132450263114778,0.62038045249972
18.602777777777778,0.7113119317516744,0.7737113461322898,0.40479630298489777,0.23334630045924815,0.5233454049494266,0.8506561729461813,0.8170147904303681,0.6856494194465786,0.6138095424405101,0.6209449686287523
18.619444444444444,0.7118764478807067,0.7742758622613221,0.40536081911393,0.2339108165882804,0.5256034694655556,0.8512206890752136,0.8175793065594004,0.686213935575611,0.6143740585695424,0.6215094847577846
18.636111111111113,0.712440964009739,0.7748403783903544,0.40592533524296226,0.23447533271731263,0.5278615339816846,0.8517852052042459,0.8181438226884327,0.6867784517046432,0.6149385746985747,0.6220740008868169
18.65277777777778,0.7130054801387713,0.7754048945193867,0.4064898513719945,0.23503984884634488,0.5301195984978135,0.8523497213332782,0.818708338817465,0.6873429678336755,0.615503090827607,0.6226385170158492
18.669444444444444,0.7135699962678036,0.775969410648419,0.40705436750102675,0.23560436497537712,0.5323776630139425,0.8529142374623105,0.8192728549464973,0.6879074839627078,0.6160676069566393,0.6232030331448815
18.68611111111111,0.7141345123968359,0.7765339267774513,0.407618883630059,0.23616888110440937,0.5346357275300715,0.8534787535913428,0.8198373710755296,0.6884720000917401,0.6166321230856716,0.6237675492739138
18.70277777777778,0.7146990285258682,0.7770984429064836,0.40818339975909124,0.2367333972334416,0.5368937920462005,0.8540432697203751,0.8204018872045619,0.6890365162207724,0.6171966392147039,0.6243320654029461
18.719444444444445,0.7152635446549005,0.7776629590355159,0.4087479158881235,0.23729791336247386,0.5391518565623294,0.8546077858494074,0.8209664033335942,0.6896010323498047,0.6177611553437362,0.6248965815319784
18.73611111111111,0.7158280607839328,0.7782274751645482,0.4093124320171557,0.2378624294915061,0.5414099210784584,0.8551723019784397,0.8215309194626265,0.690165548478837,0.6183256714727685,0.6254610976610107
18.752777777777776,0.7163925769129651,0.7787919912935805,0.40987694814618797,0.23842694562053834,0.5436679855945874,0.855736818107472,0.8220954355916588,0.6907300646078693,0.6188901876018008,0.626025613790043
18.769444444444446,0.7169570930419974,0.7793565074226128,0.4104414642752202,0.2389914617495706,0.5459260501107164,0.8563013342365043,0.8226599517206911,0.6912945807369016,0.6194547037308331,0.6265901299190753
18.78611111111111,0.7175216091710297,0.779921023551645,0.41100598040425246,0.23955597787860283,0.5481841146268454,0.8568658503655366,0.8232244678497234,0.6918590968659339,0.6200192198598654,0.6271546460481076
18.802777777777777,0.718086125300062,0.7804855396806774,0.4115704965332847,0.24012049400763508,0.5504421791429743,0.8574303664945689,0.8237889839787557,0.6924236129949662,0.6205837359888977,0.6277191621771399
18.819444444444443,0.7186506414290943,0.7810500558097097,0.41213501266231695,0.24068501013666732,0.5527002436591033,0.8579948826236012,0.824353500107788,0.6929881291239985,0.62114825211793,0.6282836783061722
18.836111111111112,0.7192151575581266,0.781614571938742,0.4126995287913492,0.24124952626569957,0.5549583081752323,0.8585593987526335,0.8249180162368203,0.6935526452530308,0.6217127682469623,0.6288481944352045
18.852777777777778,0.7197796736871589,0.7821790880677743,0.41326404492038143,0.2418140423947318,0.5572163726913613,0.8591239148816658,0.8254825323658526,0.6941171613820631,0.6222772843759946,0.6294127105642368
18.869444444444444,0.7203441898161912,0.7827436041968066,0.4138285610494137,0.24237855852376405,0.5594744372074902,0.8596884310106981,0.8260470484948849,0.6946816775110954,0.6228418005050269,0.629977226693269
18.886111111111113,0.7209087059452235,0.7833081203258389,0.4143930771784459,0.2429430746527963,0.5617325017236192,0.8602529471397304,0.8266115646239172,0.6952461936401277,0.6234063166340592,0.6305417428223014
18.90277777777778,0.7214732220742558,0.7838726364548712,0.41495759330747817,0.24350759078182854,0.5639905662397482,0.8608174632687627,0.8271760807529495,0.69581070976916,0.6239708327630915,0.6311062589513337
18.919444444444444,0.7220377382032881,0.7844371525839035,0.4155221094365104,0.2440721069108608,0.5662486307558772,0.861381979397795,0.8277405968819818,0.6963752258981923,0.6245353488921238,0.631670775080366
18.93611111111111,0.7226022543323204,0.7850016687129358,0.41608662556554266,0.24463662303989303,0.5685066952720061,0.8619464955268273,0.8283051130110141,0.6969397420272246,0.6250998650211561,0.6322352912093983
18.95277777777778,0.7231667704613527,0.785566184841968,0.4166511416945749,0.24520113916892528,0.5707647597881351,0.8625110116558596,0.8288696291400464,0.6975042581562569,0.6256643811501884,0.6327998073384306
18.969444444444445,0.723731286590385,0.7861307009710004,0.41721565782360714,0.24576565529795752,0.5730228243042641,0.8630755277848919,0.8294341452690787,0.6980687742852892,0.6262288972792207,0.6333643234674629
18.98611111111111,0.7242958027194173,0.7866952171000327,0.4177801739526394,0.24633017142698976,0.5752808888203931,0.8636400439139242,0.829998661398111,0.6986332904143215,0.626793413408253,0.6339288395964952
19.002777777777776,0.7248603188484496,0.787259733229065,0.41834469008167163,0.246894687556022,0.577538953336522,0.8642045600429565,0.8305631775271433,0.6991978065433538,0.6273579295372853,0.6344933557255275
19.019444444444446,0.7254248349774819,0.7878242493580973,0.4189092062107039,0.24745920368505425,0.579797017852651,0.8647690761719888,0.8311276936561756,0.6997623226723861,0.6279224456663176,0.6350578718545598
19.03611111111111,0.7259893511065142,0.7883887654871296,0.4194737223397361,0.2480237198140865,0.58205508236878,0.8653335923010211,0.8316922097852079,0.7003268388014184,0.6284869617953499,0.635622387983592
19.052777777777777,0.7265538672355465,0.7889532816161619,0.42003823846876837,0.24858823594311874,0.584313146884909,0.8658981084300534,0.8322567259142402,0.7008913549304507,0.6290514779243822,0.6361869041126244
19.069444444444443,0.7271183833645788,0.7895177977451941,0.4206027545978006,0.24915275207215098,0.586571211401038,0.8664626245590857,0.8328212420432725,0.701455871059483,0.6296159940534145,0.6367514202416567
19.086111111111112,0.7276828994936111,0.7900823138742264,0.42116727072683285,0.24971726820118323,0.5888292759171669,0.867027140688118,0.8333857581723048,0.7020203871885153,0.6301805101824468,0.637315936370689
19.102777777777778,0.7282474156226434,0.7906468300032587,0.4217317868558651,0.2502817843302155,0.5910873404332959,0.8675916568171503,0.8339502743013371,0.7025849033175476,0.6307450263114791,0.6378804524997213
19.119444444444444,0.7288119317516757,0.791211346132291,0.42229630298489734,0.2508463004592477,0.5933454049494249,0.8681561729461826,0.8345147904303694,0.7031494194465799,0.6313095424405114,0.6384449686287536
19.136111111111113,0.729376447880708,0.7917758622613233,0.4228608191139296,0.25141081658827996,0.5956034694655539,0.8687206890752149,0.8350793065594017,0.7037139355756122,0.6318740585695437,0.6390094847577859
19.15277777777778,0.7299409640097403,0.7923403783903556,0.42342533524296183,0.2519753327173122,0.5978615339816828,0.8692852052042472,0.835643822688434,0.7042784517046445,0.632438574698576,0.6395740008868182
19.169444444444444,0.7305054801387726,0.792904894519388,0.4239898513719941,0.25253984884634445,0.6001195984978118,0.8698497213332795,0.8362083388174663,0.7048429678336768,0.6330030908276083,0.6401385170158505
19.18611111111111,0.7310699962678049,0.7934694106484202,0.4245543675010263,0.2531043649753767,0.6023776630139408,0.8704142374623118,0.8367728549464986,0.7054074839627091,0.6335676069566406,0.6407030331448827
19.20277777777778,0.7316345123968372,0.7940339267774525,0.42511888363005856,0.25366888110440894,0.6046357275300698,0.8709787535913441,0.8373373710755309,0.7059720000917414,0.6341321230856729,0.641267549273915
19.219444444444445,0.7321990285258695,0.7945984429064848,0.4256833997590908,0.2542333972334412,0.6068937920461988,0.8715432697203764,0.8379018872045632,0.7065365162207737,0.6346966392147052,0.6418320654029473
19.23611111111111,0.7327635446549018,0.7951629590355171,0.42624791588812305,0.2547979133624734,0.6091518565623277,0.8721077858494087,0.8384664033335955,0.707101032349806,0.6352611553437375,0.6423965815319796
19.252777777777776,0.7333280607839341,0.7957274751645494,0.4268124320171553,0.25536242949150567,0.6114099210784567,0.872672301978441,0.8390309194626278,0.7076655484788383,0.6358256714727698,0.642961097661012
19.269444444444446,0.7338925769129664,0.7962919912935817,0.42737694814618754,0.2559269456205379,0.6136679855945857,0.8732368181074733,0.83959543559166,0.7082300646078706,0.6363901876018021,0.6435256137900442
19.28611111111111,0.7344570930419987,0.796856507422614,0.4279414642752198,0.25649146174957016,0.6159260501107147,0.8738013342365056,0.8401599517206924,0.7087945807369029,0.6369547037308344,0.6440901299190765
19.302777777777777,0.735021609171031,0.7974210235516463,0.42850598040425203,0.2570559778786024,0.6181841146268436,0.8743658503655379,0.8407244678497247,0.7093590968659352,0.6375192198598667,0.6446546460481088
19.319444444444443,0.7355861253000633,0.7979855396806786,0.4290704965332843,0.25762049400763465,0.6204421791429726,0.8749303664945702,0.841288983978757,0.7099236129949675,0.638083735988899,0.6452191621771411
19.336111111111112,0.7361506414290956,0.798550055809711,0.4296350126623165,0.2581850101366669,0.6227002436591016,0.8754948826236025,0.8418535001077893,0.7104881291239998,0.6386482521179313,0.6457836783061734
19.352777777777778,0.7367151575581279,0.7991145719387432,0.43019952879134876,0.25874952626569914,0.6249583081752306,0.8760593987526348,0.8424180162368216,0.7110526452530321,0.6392127682469636,0.6463481944352057
19.369444444444444,0.7372796736871602,0.7996790880677755,0.430764044920381,0.2593140423947314,0.6272163726913595,0.8766239148816671,0.8429825323658539,0.7116171613820644,0.6397772843759959,0.646912710564238
19.386111111111113,0.7378441898161925,0.8002436041968078,0.43132856104941325,0.2598785585237636,0.6294744372074885,0.8771884310106994,0.8435470484948862,0.7121816775110967,0.6403418005050282,0.6474772266932703
19.40277777777778,0.7384087059452248,0.8008081203258401,0.4318930771784455,0.26044307465279587,0.6317325017236175,0.8777529471397317,0.8441115646239185,0.712746193640129,0.6409063166340605,0.6480417428223026
19.419444444444444,0.7389732220742571,0.8013726364548724,0.43245759330747774,0.2610075907818281,0.6339905662397465,0.878317463268764,0.8446760807529508,0.7133107097691613,0.6414708327630928,0.648606258951335
19.43611111111111,0.7395377382032894,0.8019371525839047,0.43302210943651,0.26157210691086036,0.6362486307558755,0.8788819793977963,0.845240596881983,0.7138752258981936,0.6420353488921251,0.6491707750803672
19.45277777777778,0.7401022543323217,0.802501668712937,0.4335866255655422,0.2621366230398926,0.6385066952720044,0.8794464955268286,0.8458051130110154,0.7144397420272259,0.6425998650211574,0.6497352912093995
19.469444444444445,0.740666770461354,0.8030661848419693,0.43415114169457447,0.26270113916892485,0.6407647597881334,0.8800110116558609,0.8463696291400477,0.7150042581562582,0.6431643811501897,0.6502998073384318
19.48611111111111,0.7412312865903863,0.8036307009710016,0.4347156578236067,0.2632656552979571,0.6430228243042624,0.8805755277848932,0.84693414526908,0.7155687742852905,0.643728897279222,0.6508643234674641
19.502777777777776,0.7417958027194186,0.8041952171000339,0.43528017395263896,0.26383017142698933,0.6452808888203914,0.8811400439139255,0.8474986613981123,0.7161332904143228,0.6442934134082543,0.6514288395964964
19.519444444444446,0.7423603188484509,0.8047597332290662,0.4358446900816712,0.2643946875560216,0.6475389533365203,0.8817045600429578,0.8480631775271446,0.7166978065433551,0.6448579295372866,0.6519933557255287
19.53611111111111,0.7429248349774832,0.8053242493580985,0.43640920621070345,0.2649592036850538,0.6497970178526493,0.8822690761719901,0.8486276936561769,0.7172623226723874,0.6454224456663189,0.652557871854561
19.552777777777777,0.7434893511065155,0.8058887654871308,0.4369737223397357,0.26552371981408607,0.6520550823687783,0.8828335923010224,0.8491922097852092,0.7178268388014197,0.6459869617953512,0.6531223879835933
19.569444444444443,0.7440538672355478,0.8064532816161631,0.43753823846876794,0.2660882359431183,0.6543131468849073,0.8833981084300547,0.8497567259142415,0.718391354930452,0.6465514779243835,0.6536869041126256
19.586111111111112,0.7446183833645801,0.8070177977451954,0.4381027545978002,0.26665275207215056,0.6565712114010362,0.883962624559087,0.8503212420432738,0.7189558710594843,0.6471159940534158,0.6542514202416579
19.602777777777778,0.7451828994936124,0.8075823138742277,0.4386672707268324,0.2672172682011828,0.6588292759171652,0.8845271406881193,0.850885758172306,0.7195203871885166,0.6476805101824481,0.6548159363706902
19.619444444444444,0.7457474156226447,0.80814683000326,0.43923178685586467,0.26778178433021504,0.6610873404332942,0.8850916568171516,0.8514502743013384,0.7200849033175489,0.6482450263114804,0.6553804524997225
19.636111111111113,0.746311931751677,0.8087113461322923,0.4397963029848969,0.2683463004592473,0.6633454049494232,0.8856561729461839,0.8520147904303706,0.7206494194465812,0.6488095424405127,0.6559449686287548
19.65277777777778,0.7468764478807093,0.8092758622613246,0.44036081911392916,0.26891081658827953,0.6656034694655522,0.8862206890752162,0.852579306559403,0.7212139355756135,0.649374058569545,0.6565094847577871
19.669444444444444,0.7474409640097416,0.8098403783903569,0.4409253352429614,0.2694753327173118,0.6678615339816811,0.8867852052042485,0.8531438226884352,0.7217784517046458,0.6499385746985773,0.6570740008868194
19.68611111111111,0.7480054801387739,0.8104048945193892,0.44148985137199365,0.270039848846344,0.6701195984978101,0.8873497213332808,0.8537083388174675,0.7223429678336781,0.6505030908276096,0.6576385170158517
19.70277777777778,0.7485699962678062,0.8109694106484215,0.4420543675010259,0.27060436497537627,0.6723776630139391,0.8879142374623131,0.8542728549464998,0.7229074839627104,0.6510676069566419,0.658203033144884
19.719444444444445,0.7491345123968385,0.8115339267774538,0.44261888363005814,0.2711688811044085,0.6746357275300681,0.8884787535913454,0.8548373710755321,0.7234720000917427,0.6516321230856742,0.6587675492739163
19.73611111111111,0.7496990285258708,0.8120984429064861,0.4431833997590904,0.27173339723344075,0.676893792046197,0.8890432697203777,0.8554018872045644,0.724036516220775,0.6521966392147065,0.6593320654029486
19.752777777777776,0.7502635446549031,0.8126629590355184,0.4437479158881226,0.272297913362473,0.679151856562326,0.88960778584941,0.8559664033335967,0.7246010323498073,0.6527611553437388,0.6598965815319809
19.769444444444446,0.7508280607839354,0.8132274751645507,0.44431243201715487,0.27286242949150524,0.681409921078455,0.8901723019784423,0.856530919462629,0.7251655484788396,0.6533256714727711,0.6604610976610132
19.78611111111111,0.7513925769129677,0.813791991293583,0.4448769481461871,0.2734269456205375,0.683667985594584,0.8907368181074746,0.8570954355916613,0.7257300646078719,0.6538901876018034,0.6610256137900455
19.802777777777777,0.751957093042,0.8143565074226153,0.44544146427521936,0.27399146174956973,0.685926050110713,0.8913013342365069,0.8576599517206936,0.7262945807369042,0.6544547037308357,0.6615901299190778
19.819444444444443,0.7525216091710323,0.8149210235516476,0.4460059804042516,0.274555977878602,0.6881841146268419,0.8918658503655392,0.858224467849726,0.7268590968659365,0.655019219859868,0.6621546460481101
19.836111111111112,0.7530861253000646,0.8154855396806799,0.44657049653328384,0.2751204940076342,0.6904421791429709,0.8924303664945715,0.8587889839787582,0.7274236129949688,0.6555837359889003,0.6627191621771424
19.852777777777778,0.7536506414290969,0.8160500558097122,0.4471350126623161,0.27568501013666646,0.6927002436590999,0.8929948826236038,0.8593535001077905,0.7279881291240011,0.6561482521179326,0.6632836783061747
19.869444444444444,0.7542151575581292,0.8166145719387445,0.44769952879134833,0.2762495262656987,0.6949583081752289,0.8935593987526361,0.8599180162368228,0.7285526452530334,0.6567127682469649,0.663848194435207
19.886111111111113,0.7547796736871615,0.8171790880677768,0.4482640449203806,0.27681404239473095,0.6972163726913578,0.8941239148816684,0.8604825323658551,0.7291171613820657,0.6572772843759972,0.6644127105642393
19.90277777777778,0.7553441898161938,0.8177436041968091,0.4488285610494128,0.2773785585237632,0.6994744372074868,0.8946884310107007,0.8610470484948874,0.729681677511098,0.6578418005050295,0.6649772266932716
19.919444444444444,0.7559087059452261,0.8183081203258414,0.44939307717844507,0.27794307465279544,0.7017325017236158,0.895252947139733,0.8616115646239197,0.7302461936401303,0.6584063166340618,0.6655417428223039
19.93611111111111,0.7564732220742584,0.8188726364548737,0.4499575933074773,0.2785075907818277,0.7039905662397448,0.8958174632687653,0.862176080752952,0.7308107097691626,0.6589708327630941,0.6661062589513362
19.95277777777778,0.7570377382032907,0.819437152583906,0.45052210943650955,0.27907210691085993,0.7062486307558737,0.8963819793977976,0.8627405968819843,0.7313752258981949,0.6595353488921264,0.6666707750803685
19.969444444444445,0.757602254332323,0.8200016687129383,0.4510866255655418,0.2796366230398922,0.7085066952720027,0.8969464955268299,0.8633051130110166,0.7319397420272272,0.6600998650211587,0.6672352912094008
19.98611111111111,0.7581667704613553,0.8205661848419706,0.45165114169457404,0.2802011391689244,0.7107647597881317,0.8975110116558622,0.863869629140049,0.7325042581562595,0.660664381150191,0.6677998073384331
20.002777777777776,0.7587312865903876,0.8211307009710029,0.4522156578236063,0.28076565529795666,0.7130228243042607,0.8980755277848945,0.8644341452690812,0.7330687742852918,0.6612288972792233,0.6683643234674654
20.019444444444446,0.7592958027194199,0.8216952171000352,0.45278017395263853,0.2813301714269889,0.7152808888203896,0.8986400439139268,0.8649986613981135,0.7336332904143241,0.6617934134082556,0.6689288395964977
20.03611111111111,0.7598603188484522,0.8222597332290675,0.4533446900816708,0.28189468755602115,0.7175389533365186,0.8992045600429591,0.8655631775271458,0.7341978065433564,0.6623579295372879,0.66949335572553
20.052777777777777,0.7604248349774845,0.8228242493580998,0.453909206210703,0.2824592036850534,0.7197970178526476,0.8997690761719914,0.8661276936561781,0.7347623226723887,0.6629224456663202,0.6700578718545623
20.069444444444443,0.7609893511065168,0.8233887654871321,0.45447372233973526,0.28302371981408564,0.7220550823687766,0.9003335923010237,0.8666922097852104,0.735326838801421,0.6634869617953525,0.6706223879835946
20.086111111111112,0.7615538672355491,0.8239532816161644,0.4550382384687675,0.2835882359431179,0.7243131468849056,0.22795839607802348,0.8672567259142427,0.7358913549304533,0.6640514779243848,0.6711869041126269
20.102777777777778,0.7621183833645814,0.8245177977451967,0.45560275459779975,0.2841527520721501,0.7265712114010345,0.23021646059415252,0.867821242043275,0.7364558710594856,0.6646159940534171,0.6717514202416592
20.119444444444444,0.7626828994936137,0.825082313874229,0.456167270726832,0.28471726820118237,0.7288292759171635,0.23247452511028155,0.8683857581723073,0.7370203871885179,0.6651805101824494,0.6723159363706915
20.136111111111113,0.763247415622646,0.8256468300032613,0.45673178685586424,0.2852817843302146,0.7310873404332925,0.23473258962641058,0.8689502743013396,0.7375849033175502,0.6657450263114817,0.6728804524997238
20.15277777777778,0.7638119317516783,0.8262113461322936,0.4572963029848965,0.28584630045924686,0.7333454049494215,0.23699065414253961,0.8695147904303719,0.7381494194465825,0.666309542440514,0.6734449686287561
20.169444444444444,0.7643764478807106,0.8267758622613259,0.45786081911392873,0.2864108165882791,0.7356034694655504,0.23924871865866865,0.8700793065594042,0.7387139355756148,0.6668740585695463,0.6740094847577884
20.18611111111111,0.7649409640097429,0.8273403783903582,0.458425335242961,0.28697533271731135,0.7378615339816794,0.24150678317479768,0.8706438226884365,0.7392784517046471,0.6674385746985786,0.6745740008868207
20.20277777777778,0.7655054801387752,0.8279048945193905,0.4589898513719932,0.2875398488463436,0.7401195984978084,0.2437648476909267,0.8712083388174688,0.7398429678336794,0.6680030908276109,0.675138517015853
20.219444444444445,0.7660699962678075,0.8284694106484228,0.45955436750102546,0.28810436497537584,0.7423776630139374,0.24602291220705574,0.8717728549465011,0.7404074839627117,0.6685676069566432,0.6757030331448853
20.23611111111111,0.7666345123968398,0.8290339267774551,0.4601188836300577,0.2886688811044081,0.7446357275300663,0.24828097672318478,0.8723373710755334,0.740972000091744,0.6691321230856755,0.6762675492739176
20.252777777777776,0.7671990285258721,0.8295984429064874,0.46068339975908995,0.2892333972334403,0.7468937920461953,0.2505390412393138,0.8729018872045657,0.7415365162207763,0.6696966392147078,0.6768320654029499
20.269444444444446,0.7677635446549044,0.8301629590355197,0.4612479158881222,0.28979791336247257,0.7491518565623243,0.25279710575544284,0.873466403333598,0.7421010323498086,0.6702611553437401,0.6773965815319822
20.28611111111111,0.7683280607839367,0.830727475164552,0.46181243201715444,0.2903624294915048,0.7514099210784533,0.2550551702715719,0.8740309194626303,0.7426655484788409,0.6708256714727724,0.6779610976610145
20.302777777777777,0.768892576912969,0.8312919912935843,0.4623769481461867,0.29092694562053706,0.7536679855945823,0.2573132347877009,0.8745954355916626,0.7432300646078732,0.6713901876018047,0.6785256137900468
20.319444444444443,0.7694570930420013,0.8318565074226166,0.46294146427521893,0.2914914617495693,0.7559260501107112,0.25957129930382994,0.8751599517206949,0.7437945807369055,0.671954703730837,0.6790901299190791
20.336111111111112,0.7700216091710336,0.8324210235516489,0.46350598040425117,0.29205597787860155,0.7581841146268402,0.26182936381995897,0.8757244678497272,0.7443590968659378,0.6725192198598693,0.6796546460481114
20.352777777777778,0.7705861253000659,0.8329855396806812,0.4640704965332834,0.2926204940076338,0.7604421791429692,0.264087428336088,0.8762889839787595,0.7449236129949701,0.6730837359889016,0.6802191621771437
20.369444444444444,0.7711506414290982,0.8335500558097135,0.46463501266231566,0.29318501013666604,0.7627002436590982,0.26634549285221704,0.8768535001077918,0.7454881291240024,0.6736482521179339,0.680783678306176
20.386111111111113,0.7717151575581305,0.8341145719387458,0.4651995287913479,0.2937495262656983,0.7649583081752271,0.26860355736834607,0.8774180162368241,0.7460526452530347,0.6742127682469662,0.6813481944352083
20.40277777777778,0.7722796736871628,0.8346790880677781,0.46576404492038015,0.2943140423947305,0.7672163726913561,0.2708616218844751,0.8779825323658564,0.746617161382067,0.6747772843759985,0.6819127105642406
20.419444444444444,0.7728441898161951,0.8352436041968104,0.4663285610494124,0.29487855852376277,0.7694744372074851,0.27311968640060413,0.8785470484948887,0.7471816775110993,0.6753418005050308,0.6824772266932729
20.43611111111111,0.7734087059452274,0.8358081203258427,0.46689307717844464,0.295443074652795,0.7717325017236141,0.27537775091673317,0.879111564623921,0.7477461936401316,0.6759063166340631,0.6830417428223052
20.45277777777778,0.7739732220742597,0.836372636454875,0.4674575933074769,0.29600759078182726,0.773990566239743,0.2776358154328622,0.8796760807529533,0.7483107097691639,0.6764708327630954,0.6836062589513375
20.469444444444445,0.774537738203292,0.8369371525839073,0.4680221094365091,0.2965721069108595,0.776248630755872,0.27989387994899123,0.8802405968819856,0.7488752258981962,0.6770353488921277,0.6841707750803698
20.48611111111111,0.7751022543323243,0.8375016687129396,0.46858662556554137,0.29713662303989175,0.778506695272001,0.28215194446512026,0.8808051130110179,0.7494397420272285,0.67759986502116,0.6847352912094021
20.502777777777776,0.7756667704613566,0.8380661848419719,0.4691511416945736,0.297701139168924,0.78076475978813,0.2844100089812493,0.8813696291400502,0.7500042581562608,0.6781643811501923,0.6852998073384344
20.519444444444446,0.7762312865903889,0.8386307009710042,0.46971565782360586,0.29826565529795623,0.783022824304259,0.28666807349737833,0.8819341452690825,0.7505687742852931,0.6787288972792246,0.6858643234674667
20.53611111111111,0.7767958027194212,0.8391952171000365,0.4702801739526381,0.2988301714269885,0.7852808888203879,0.28892613801350736,0.8824986613981148,0.7511332904143254,0.6792934134082569,0.686428839596499
20.552777777777777,0.7773603188484535,0.8397597332290688,0.47084469008167035,0.2993946875560207,0.7875389533365169,0.2911842025296364,0.8830631775271471,0.7516978065433577,0.6798579295372892,0.6869933557255313
20.569444444444443,0.7779248349774858,0.8403242493581011,0.4714092062107026,0.29995920368505297,0.7897970178526459,0.2934422670457654,0.8836276936561794,0.75226232267239,0.6804224456663215,0.6875578718545636
20.586111111111112,0.7784893511065181,0.8408887654871334,0.47197372233973484,0.3005237198140852,0.7920550823687749,0.29570033156189446,0.8841922097852117,0.7528268388014223,0.6809869617953538,0.6881223879835959
20.602777777777778,0.7790538672355504,0.8414532816161657,0.4725382384687671,0.30108823594311745,0.7943131468849038,0.2979583960780235,0.884756725914244,0.7533913549304546,0.6815514779243861,0.6886869041126282
20.619444444444444,0.7796183833645827,0.842017797745198,0.4731027545977993,0.3016527520721497,0.7965712114010328,0.3002164605941525,0.8853212420432763,0.7539558710594869,0.6821159940534184,0.6892514202416605
20.636111111111113,0.780182899493615,0.8425823138742303,0.47366727072683157,0.30221726820118194,0.7988292759171618,0.30247452511028156,0.8858857581723086,0.7545203871885192,0.6826805101824507,0.6898159363706928
20.65277777777778,0.7807474156226473,0.8431468300032626,0.4742317868558638,0.3027817843302142,0.8010873404332908,0.3047325896264106,0.8864502743013409,0.7550849033175515,0.683245026311483,0.6903804524997251
20.669444444444444,0.7813119317516796,0.8437113461322949,0.47479630298489606,0.30334630045924643,0.8033454049494198,0.3069906541425396,0.8870147904303732,0.7556494194465838,0.6838095424405153,0.6909449686287574
20.68611111111111,0.7818764478807119,0.8442758622613272,0.4753608191139283,0.3039108165882787,0.8056034694655487,0.30924871865866865,0.8875793065594055,0.7562139355756161,0.6843740585695476,0.6915094847577897
20.70277777777778,0.7824409640097442,0.8448403783903595,0.47592533524296055,0.3044753327173109,0.8078615339816777,0.3115067831747977,0.8881438226884378,0.7567784517046484,0.6849385746985799,0.692074000886822
20.719444444444445,0.7830054801387765,0.8454048945193918,0.4764898513719928,0.30503984884634316,0.8101195984978067,0.3137648476909267,0.8887083388174701,0.7573429678336807,0.6855030908276122,0.6926385170158543
20.73611111111111,0.7835699962678088,0.8459694106484241,0.47705436750102503,0.3056043649753754,0.8123776630139357,0.31602291220705575,0.8892728549465024,0.757907483962713,0.6860676069566445,0.6932030331448866
20.752777777777776,0.7841345123968411,0.8465339267774564,0.4776188836300573,0.30616888110440765,0.8146357275300646,0.3182809767231848,0.8898373710755347,0.7584720000917453,0.6866321230856768,0.6937675492739189
20.769444444444446,0.7846990285258734,0.8470984429064887,0.4781833997590895,0.3067333972334399,0.8168937920461936,0.3205390412393138,0.890401887204567,0.7590365162207776,0.6871966392147091,0.6943320654029512
20.78611111111111,0.7852635446549057,0.847662959035521,0.47874791588812177,0.30729791336247214,0.8191518565623226,0.32279710575544285,0.8909664033335993,0.7596010323498099,0.6877611553437414,0.6948965815319835
20.802777777777777,0.785828060783938,0.8482274751645533,0.479312432017154,0.3078624294915044,0.8214099210784516,0.3250551702715719,0.8915309194626316,0.7601655484788422,0.6883256714727737,0.6954610976610158
20.819444444444443,0.7863925769129703,0.8487919912935856,0.47987694814618626,0.30842694562053663,0.8236679855945805,0.3273132347877009,0.8920954355916639,0.7607300646078745,0.688890187601806,0.6960256137900481
20.836111111111112,0.7869570930420026,0.8493565074226179,0.4804414642752185,0.3089914617495689,0.8259260501107095,0.32957129930382995,0.8926599517206962,0.7612945807369068,0.6894547037308383,0.6965901299190804
20.852777777777778,0.7875216091710349,0.8499210235516502,0.48100598040425074,0.3095559778786011,0.8281841146268385,0.331829363819959,0.8932244678497285,0.7618590968659391,0.6900192198598706,0.6971546460481127
20.869444444444444,0.7880861253000672,0.8504855396806825,0.481570496533283,0.31012049400763336,0.8304421791429675,0.334087428336088,0.8937889839787608,0.7624236129949714,0.6905837359889029,0.697719162177145
20.886111111111113,0.7886506414290995,0.8510500558097148,0.48213501266231523,0.3106850101366656,0.8327002436590965,0.33634549285221704,0.8943535001077931,0.7629881291240037,0.6911482521179352,0.6982836783061773
20.90277777777778,0.7892151575581318,0.8516145719387471,0.4826995287913475,0.31124952626569785,0.8349583081752254,0.3386035573683461,0.8949180162368254,0.763552645253036,0.6917127682469675,0.6988481944352096
20.919444444444444,0.7897796736871641,0.8521790880677794,0.4832640449203797,0.3118140423947301,0.8372163726913544,0.3408616218844751,0.8954825323658577,0.7641171613820683,0.6922772843759998,0.6994127105642419
20.93611111111111,0.7903441898161964,0.8527436041968117,0.48382856104941196,0.31237855852376234,0.8394744372074834,0.34311968640060414,0.89604704849489,0.7646816775111006,0.6928418005050321,0.6999772266932742
20.95277777777778,0.7909087059452287,0.853308120325844,0.4843930771784442,0.3129430746527946,0.8417325017236124,0.3453777509167332,0.8966115646239223,0.7652461936401329,0.6934063166340644,0.7005417428223065
20.969444444444445,0.791473222074261,0.8538726364548763,0.48495759330747645,0.31350759078182683,0.8439905662397413,0.3476358154328622,0.8971760807529546,0.7658107097691652,0.6939708327630967,0.7011062589513388
20.98611111111111,0.7920377382032933,0.8544371525839086,0.4855221094365087,0.3140721069108591,0.8462486307558703,0.34989387994899124,0.8977405968819869,0.7663752258981975,0.694535348892129,0.7016707750803711
21.002777777777776,0.7926022543323256,0.8550016687129409,0.48608662556554094,0.3146366230398913,0.8485066952719993,0.35215194446512027,0.8983051130110192,0.7669397420272298,0.6950998650211613,0.7022352912094034
21.019444444444446,0.7931667704613579,0.8555661848419732,0.4866511416945732,0.31520113916892356,0.8507647597881283,0.3544100089812493,0.8988696291400515,0.7675042581562621,0.6956643811501936,0.7027998073384357
21.03611111111111,0.7937312865903902,0.8561307009710055,0.48721565782360543,0.3157656552979558,0.8530228243042572,0.35666807349737834,0.8994341452690838,0.7680687742852944,0.6962288972792259,0.703364323467468
21.052777777777777,0.7942958027194225,0.8566952171000378,0.4877801739526377,0.31633017142698805,0.8552808888203862,0.35892613801350737,0.8999986613981161,0.7686332904143267,0.6967934134082582,0.7039288395965003
21.069444444444443,0.7948603188484548,0.8572597332290701,0.4883446900816699,0.3168946875560203,0.8575389533365152,0.3611842025296364,0.9005631775271484,0.769197806543359,0.6973579295372905,0.7044933557255326
21.086111111111112,0.7954248349774871,0.8578242493581024,0.48890920621070216,0.31745920368505254,0.8597970178526442,0.36344226704576543,0.15432729657834182,0.7697623226723913,0.6979224456663228,0.7050578718545649
21.102777777777778,0.7959893511065194,0.8583887654871347,0.4894737223397344,0.3180237198140848,0.8620550823687732,0.36570033156189446,0.15489181270737407,0.7703268388014236,0.6984869617953551,0.7056223879835972
21.119444444444444,0.7965538672355517,0.858953281616167,0.49003823846876665,0.318588235943117,0.8643131468849021,0.3679583960780235,0.1554563288364063,0.7708913549304559,0.6990514779243874,0.7061869041126295
21.136111111111113,0.797118383364584,0.8595177977451993,0.4906027545977989,0.31915275207214927,0.8665712114010311,0.37021646059415253,0.15602084496543855,0.7714558710594882,0.6996159940534197,0.7067514202416618
21.15277777777778,0.7976828994936163,0.8600823138742316,0.49116727072683114,0.3197172682011815,0.8688292759171601,0.37247452511028156,0.1565853610944708,0.7720203871885205,0.700180510182452,0.7073159363706941
21.169444444444444,0.7982474156226486,0.8606468300032639,0.4917317868558634,0.32028178433021376,0.8710873404332891,0.3747325896264106,0.15714987722350304,0.7725849033175528,0.7007450263114843,0.7078804524997264
21.18611111111111,0.7988119317516809,0.8612113461322962,0.49229630298489563,0.320846300459246,0.873345404949418,0.3769906541425396,0.1577143933525353,0.7731494194465851,0.7013095424405166,0.7084449686287587
21.20277777777778,0.7993764478807132,0.8617758622613285,0.4928608191139279,0.32141081658827825,0.875603469465547,0.37924871865866866,0.15827890948156753,0.7737139355756174,0.7018740585695489,0.709009484757791
21.219444444444445,0.7999409640097455,0.8623403783903608,0.4934253352429601,0.3219753327173105,0.877861533981676,0.3815067831747977,0.15884342561059978,0.7742784517046497,0.7024385746985812,0.7095740008868233
21.23611111111111,0.8005054801387778,0.8629048945193931,0.49398985137199236,0.32253984884634274,0.880119598497805,0.3837648476909267,0.15940794173963202,0.774842967833682,0.7030030908276135,0.7101385170158556
21.252777777777776,0.8010699962678101,0.8634694106484254,0.4945543675010246,0.323104364975375,0.8823776630139339,0.38602291220705576,0.15997245786866426,0.7754074839627143,0.7035676069566458,0.7107030331448879
21.269444444444446,0.8016345123968424,0.8640339267774577,0.49511888363005685,0.3236688811044072,0.8846357275300629,0.3882809767231848,0.1605369739976965,0.7759720000917466,0.7041321230856781,0.7112675492739202
21.28611111111111,0.8021990285258747,0.86459844290649,0.4956833997590891,0.32423339723343947,0.8868937920461919,0.3905390412393138,0.16110149012672875,0.7765365162207789,0.7046966392147104,0.7118320654029525
21.302777777777777,0.802763544654907,0.8651629590355223,0.49624791588812134,0.3247979133624717,0.8891518565623209,0.39279710575544285,0.161666006255761,0.7771010323498112,0.7052611553437427,0.7123965815319848
21.319444444444443,0.8033280607839393,0.8657274751645546,0.4968124320171536,0.32536242949150396,0.8914099210784499,0.3950551702715719,0.16223052238479324,0.7776655484788435,0.705825671472775,0.7129610976610171
21.336111111111112,0.8038925769129716,0.8662919912935869,0.4973769481461858,0.3259269456205362,0.8936679855945788,0.3973132347877009,0.16279503851382549,0.7782300646078758,0.7063901876018073,0.7135256137900494
21.352777777777778,0.8044570930420039,0.8668565074226192,0.49794146427521807,0.32649146174956845,0.8959260501107078,0.39957129930382995,0.16335955464285773,0.7787945807369081,0.7069547037308396,0.7140901299190817
21.369444444444444,0.8050216091710362,0.8674210235516515,0.4985059804042503,0.3270559778786007,0.8981841146268368,0.401829363819959,0.16392407077188997,0.7793590968659404,0.7075192198598719,0.714654646048114
21.386111111111113,0.8055861253000685,0.8679855396806838,0.49907049653328256,0.32762049400763293,0.9004421791429658,0.404087428336088,0.16448858690092222,0.7799236129949727,0.7080837359889042,0.7152191621771463
21.40277777777778,0.8061506414291008,0.8685500558097161,0.4996350126623148,0.3281850101366652,0.42647311695945817,0.40634549285221705,0.16505310302995446,0.780488129124005,0.7086482521179365,0.7157836783061786
21.419444444444444,0.8067151575581331,0.8691145719387484,0.5001995287913471,0.3287495262656974,0.4270376330884904,0.4086035573683461,0.1656176191589867,0.7810526452530373,0.7092127682469688,0.7163481944352109
21.43611111111111,0.8072796736871654,0.8696790880677807,0.5007640449203794,0.32931404239472967,0.42760214921752265,0.4108616218844751,0.16618213528801895,0.7816171613820696,0.7097772843760011,0.7169127105642432
21.45277777777778,0.8078441898161977,0.870243604196813,0.5013285610494117,0.3298785585237619,0.4281666653465549,0.41311968640060415,0.1667466514170512,0.7821816775111019,0.7103418005050334,0.7174772266932755
21.469444444444445,0.80840870594523,0.8708081203258453,0.501893077178444,0.33044307465279416,0.42873118147558714,0.4153777509167332,0.16731116754608344,0.7827461936401342,0.7109063166340657,0.7180417428223078
21.48611111111111,0.8089732220742623,0.8713726364548776,0.5024575933074763,0.3310075907818264,0.4292956976046194,0.4176358154328622,0.16787568367511568,0.7833107097691665,0.711470832763098,0.7186062589513401
21.502777777777776,0.8095377382032946,0.8719371525839099,0.5030221094365086,0.33157210691085864,0.42986021373365163,0.41989387994899124,0.16844019980414793,0.7838752258981988,0.7120353488921303,0.7191707750803724
21.519444444444446,0.8101022543323269,0.8725016687129422,0.5035866255655409,0.3321366230398909,0.4304247298626839,0.4221519444651203,0.16900471593318017,0.7844397420272311,0.7125998650211626,0.7197352912094047
21.53611111111111,0.8106667704613592,0.8730661848419745,0.5041511416945732,0.33270113916892313,0.4309892459917161,0.4244100089812493,0.16956923206221242,0.7850042581562634,0.7131643811501949,0.720299807338437
21.552777777777777,0.8112312865903915,0.8736307009710068,0.5047156578236055,0.3332656552979554,0.43155376212074836,0.42666807349737834,0.17013374819124466,0.7855687742852957,0.7137288972792272,0.7208643234674693
21.569444444444443,0.8117958027194238,0.8741952171000391,0.5052801739526378,0.3338301714269876,0.4321182782497806,0.4289261380135074,0.1706982643202769,0.786133290414328,0.7142934134082595,0.7214288395965016
21.586111111111112,0.812360318848456,0.8747597332290714,0.5058446900816701,0.33439468755601987,0.43268279437881285,0.4311842025296364,0.17126278044930915,0.7866978065433603,0.7148579295372918,0.7219933557255339
21.602777777777778,0.8129248349774884,0.8753242493581037,0.5064092062107024,0.3349592036850521,0.4332473105078451,0.43344226704576544,0.1718272965783414,0.7872623226723926,0.7154224456663241,0.7225578718545662
21.619444444444444,0.8134893511065207,0.875888765487136,0.5069737223397347,0.33552371981408435,0.43381182663687734,0.43570033156189447,0.17239181270737364,0.7878268388014249,0.7159869617953564,0.7231223879835985
21.636111111111113,0.814053867235553,0.8764532816161683,0.507538238468767,0.3360882359431166,0.4343763427659096,0.4379583960780235,0.17295632883640588,0.7883913549304572,0.7165514779243887,0.7236869041126308
21.65277777777778,0.8146183833645853,0.8770177977452006,0.5081027545977993,0.33665275207214884,0.43494085889494183,0.44021646059415254,0.17352084496543813,0.7889558710594895,0.717115994053421,0.7242514202416631
21.669444444444444,0.8151828994936176,0.8775823138742329,0.5086672707268316,0.3372172682011811,0.4355053750239741,0.44247452511028157,0.17408536109447037,0.7895203871885218,0.7176805101824533,0.7248159363706954
21.68611111111111,0.8157474156226499,0.8781468300032652,0.5092317868558639,0.33778178433021333,0.4360698911530063,0.4447325896264106,0.17464987722350261,0.7900849033175541,0.7182450263114856,0.7253804524997277
21.70277777777778,0.8163119317516822,0.8787113461322975,0.5097963029848962,0.3383463004592456,0.43663440728203856,0.44699065414253963,0.17521439335253486,0.7906494194465864,0.7188095424405179,0.72594496862876
21.719444444444445,0.8168764478807145,0.8792758622613298,0.5103608191139285,0.3389108165882778,0.4371989234110708,0.44924871865866867,0.1757789094815671,0.7912139355756187,0.7193740585695502,0.7265094847577923
21.73611111111111,0.8174409640097468,0.8798403783903621,0.5109253352429608,0.33947533271731006,0.43776343954010305,0.4515067831747977,0.17634342561059935,0.791778451704651,0.7199385746985825,0.7270740008868246
21.752777777777776,0.818005480138779,0.8804048945193944,0.5114898513719931,0.3400398488463423,0.4383279556691353,0.45376484769092673,0.1769079417396316,0.7923429678336833,0.7205030908276148,0.7276385170158569
21.769444444444446,0.8185699962678114,0.8809694106484267,0.5120543675010254,0.34060436497537455,0.43889247179816754,0.45602291220705576,0.17747245786866384,0.7929074839627156,0.7210676069566471,0.7282030331448892
21.78611111111111,0.8191345123968437,0.881533926777459,0.5126188836300577,0.3411688811044068,0.4394569879271998,0.4582809767231848,0.17803697399769608,0.7934720000917479,0.7216321230856794,0.7287675492739215
21.802777777777777,0.819699028525876,0.8820984429064913,0.51318339975909,0.34173339723343904,0.440021504056232,0.46053904123931383,0.17860149012672832,0.7940365162207802,0.7221966392147117,0.7293320654029538
21.819444444444443,0.8202635446549082,0.8826629590355236,0.5137479158881223,0.3422979133624713,0.44058602018526427,0.46279710575544286,0.17916600625576057,0.7946010323498125,0.722761155343744,0.7298965815319861
21.836111111111112,0.8208280607839405,0.8832274751645559,0.5143124320171546,0.34286242949150353,0.4411505363142965,0.4650551702715719,0.1797305223847928,0.7951655484788448,0.7233256714727763,0.7304610976610184
21.852777777777778,0.8213925769129728,0.8837919912935882,0.5148769481461869,0.3434269456205358,0.44171505244332876,0.4673132347877009,0.18029503851382506,0.7957300646078771,0.7238901876018086,0.7310256137900507
21.869444444444444,0.8219570930420051,0.8843565074226205,0.5154414642752192,0.343991461749568,0.442279568572361,0.46957129930382996,0.1808595546428573,0.7962945807369094,0.7244547037308409,0.731590129919083
21.886111111111113,0.8225216091710374,0.8849210235516528,0.5160059804042515,0.34455597787860026,0.44284408470139325,0.471829363819959,0.18142407077188955,0.7968590968659417,0.7250192198598732,0.7321546460481153
21.90277777777778,0.8230861253000697,0.8854855396806851,0.5165704965332838,0.3451204940076325,0.4434086008304255,0.474087428336088,0.1819885869009218,0.797423612994974,0.7255837359889055,0.7327191621771476
21.919444444444444,0.823650641429102,0.8860500558097174,0.5171350126623161,0.34568501013666475,0.44397311695945774,0.47634549285221706,0.18255310302995403,0.7979881291240063,0.7261482521179378,0.7332836783061799
21.93611111111111,0.8242151575581343,0.8866145719387497,0.5176995287913484,0.346249526265697,0.44453763308849,0.4786035573683461,0.18311761915898628,0.7985526452530386,0.7267127682469701,0.7338481944352122
21.95277777777778,0.8247796736871666,0.887179088067782,0.5182640449203807,0.34681404239472924,0.4451021492175222,0.4808616218844751,0.18368213528801852,0.7991171613820709,0.7272772843760024,0.7344127105642445
21.969444444444445,0.825344189816199,0.8877436041968143,0.518828561049413,0.3473785585237615,0.44566666534655447,0.48311968640060415,0.18424665141705077,0.7996816775111032,0.7278418005050347,0.7349772266932768
21.98611111111111,0.8259087059452312,0.8883081203258466,0.5193930771784453,0.3479430746527937,0.4462311814755867,0.4853777509167332,0.184811167546083,0.8002461936401355,0.728406316634067,0.7355417428223091
22.002777777777776,0.8264732220742635,0.8888726364548789,0.5199575933074776,0.34850759078182597,0.44679569760461896,0.4876358154328622,0.18537568367511525,0.8008107097691678,0.7289708327630993,0.7361062589513414
22.019444444444446,0.8270377382032958,0.8894371525839112,0.5205221094365099,0.3490721069108582,0.4473602137336512,0.48989387994899125,0.1859401998041475,0.8013752258982001,0.7295353488921316,0.7366707750803737
22.03611111111111,0.8276022543323281,0.8900016687129435,0.5210866255655422,0.34963662303989046,0.44792472986268345,0.4921519444651203,0.18650471593317974,0.8019397420272324,0.7300998650211639,0.737235291209406
22.052777777777777,0.8281667704613604,0.8905661848419758,0.5216511416945745,0.3502011391689227,0.4484892459917157,0.4944100089812493,0.187069232062212,0.8025042581562647,0.7306643811501962,0.7377998073384383
22.069444444444443,0.8287312865903927,0.8911307009710081,0.5222156578236068,0.35076565529795495,0.44905376212074793,0.49666807349737835,0.18763374819124423,0.803068774285297,0.7312288972792285,0.7383643234674706
22.086111111111112,0.829295802719425,0.8916952171000404,0.5227801739526391,0.3513301714269872,0.4496182782497802,0.4989261380135074,0.18819826432027648,0.8036332904143293,0.7317934134082608,0.7389288395965029
22.102777777777778,0.8298603188484573,0.8922597332290727,0.5233446900816714,0.35189468755601944,0.4501827943788124,0.5011842025296365,0.18876278044930872,0.8041978065433616,0.7323579295372931,0.7394933557255352
22.119444444444444,0.8304248349774896,0.892824249358105,0.5239092062107037,0.3524592036850517,0.45074731050784467,0.5034422670457654,0.18932729657834096,0.8047623226723939,0.7329224456663254,0.7400578718545675
22.136111111111113,0.830989351106522,0.8933887654871373,0.524473722339736,0.3530237198140839,0.4513118266368769,0.5057003315618944,0.1898918127073732,0.8053268388014262,0.7334869617953577,0.7406223879835998
22.15277777777778,0.8315538672355542,0.8939532816161696,0.5250382384687683,0.35358823594311617,0.45187634276590916,0.5079583960780234,0.19045632883640545,0.8058913549304585,0.73405147792439,0.7411869041126321
22.169444444444444,0.8321183833645865,0.8945177977452019,0.5256027545978006,0.3541527520721484,0.4524408588949414,0.5102164605941524,0.1910208449654377,0.8064558710594908,0.7346159940534223,0.7417514202416644
22.18611111111111,0.8326828994936188,0.8950823138742342,0.5261672707268329,0.35471726820118066,0.45300537502397364,0.5124745251102814,0.19158536109446994,0.8070203871885231,0.7351805101824546,0.7423159363706967
22.20277777777778,0.8332474156226511,0.8956468300032665,0.5267317868558652,0.3552817843302129,0.4535698911530059,0.5147325896264103,0.19214987722350219,0.8075849033175554,0.7357450263114869,0.742880452499729
22.219444444444445,0.8338119317516834,0.8962113461322988,0.5272963029848975,0.35584630045924515,0.45413440728203813,0.5169906541425393,0.19271439335253443,0.8081494194465877,0.7363095424405192,0.7434449686287613
22.23611111111111,0.8343764478807157,0.8967758622613311,0.5278608191139298,0.3564108165882774,0.4546989234110704,0.5192487186586683,0.19327890948156667,0.80871393557562,0.7368740585695515,0.7440094847577936
22.252777777777776,0.834940964009748,0.8973403783903634,0.5284253352429621,0.35697533271730963,0.4552634395401026,0.5215067831747973,0.19384342561059892,0.8092784517046523,0.7374385746985838,0.7445740008868259
22.269444444444446,0.8355054801387803,0.8979048945193957,0.5289898513719944,0.3575398488463419,0.45582795566913487,0.5237648476909262,0.19440794173963116,0.8098429678336846,0.7380030908276161,0.7451385170158582
22.28611111111111,0.8360699962678126,0.898469410648428,0.5295543675010267,0.3581043649753741,0.4563924717981671,0.5260229122070552,0.1949724578686634,0.8104074839627169,0.7385676069566484,0.7457030331448905
22.302777777777777,0.8366345123968449,0.8990339267774603,0.530118883630059,0.35866888110440637,0.45695698792719935,0.5282809767231842,0.19553697399769565,0.8109720000917492,0.7391321230856807,0.7462675492739228
22.319444444444443,0.8371990285258772,0.8995984429064926,0.5306833997590913,0.3592333972334386,0.4575215040562316,0.5305390412393132,0.1961014901267279,0.8115365162207815,0.739696639214713,0.7468320654029551
22.336111111111112,0.8377635446549095,0.9001629590355249,0.5312479158881236,0.35979791336247086,0.45808602018526384,0.5327971057554421,0.19666600625576014,0.8121010323498138,0.7402611553437453,0.7473965815319874
22.352777777777778,0.8383280607839418,0.24629116450923294,0.5318124320171559,0.3603624294915031,0.4586505363142961,0.5350551702715711,0.19723052238479238,0.8126655484788461,0.7408256714727776,0.7479610976610197
22.369444444444444,0.8388925769129741,0.24854922902536197,0.5323769481461882,0.36092694562053534,0.45921505244332833,0.5373132347877001,0.19779503851382463,0.8132300646078784,0.7413901876018099,0.748525613790052
22.386111111111113,0.8394570930420064,0.250807293541491,0.5329414642752205,0.3614914617495676,0.4597795685723606,0.5395712993038291,0.19835955464285687,0.8137945807369107,0.7419547037308422,0.7490901299190843
22.40277777777778,0.8400216091710387,0.25306535805762004,0.5335059804042528,0.36205597787859983,0.4603440847013928,0.541829363819958,0.19892407077188912,0.814359096865943,0.7425192198598745,0.7496546460481166
22.419444444444444,0.840586125300071,0.25532342257374907,0.5340704965332851,0.3626204940076321,0.46090860083042506,0.544087428336087,0.19948858690092136,0.8149236129949753,0.7430837359889068,0.7502191621771489
22.43611111111111,0.8411506414291033,0.2575814870898781,0.5346350126623174,0.3631850101366643,0.4614731169594573,0.546345492852216,0.2000531030299536,0.8154881291240076,0.7436482521179391,0.7507836783061812
22.45277777777778,0.8417151575581356,0.25983955160600714,0.5351995287913497,0.36374952626569657,0.46203763308848955,0.548603557368345,0.20061761915898585,0.8160526452530399,0.7442127682469714,0.7513481944352135
22.469444444444445,0.8422796736871679,0.26209761612213617,0.535764044920382,0.3643140423947288,0.4626021492175218,0.550861621884474,0.2011821352880181,0.8166171613820722,0.7447772843760037,0.7519127105642458
22.48611111111111,0.8428441898162002,0.2643556806382652,0.5363285610494143,0.36487855852376105,0.46316666534655404,0.5531196864006029,0.20174665141705034,0.8171816775111045,0.745341800505036,0.7524772266932781
22.502777777777776,0.8434087059452325,0.26661374515439423,0.5368930771784466,0.3654430746527933,0.4637311814755863,0.5553777509167319,0.20231116754608258,0.8177461936401368,0.7459063166340683,0.7530417428223104
22.519444444444446,0.8439732220742648,0.26887180967052327,0.5374575933074789,0.36600759078182554,0.46429569760461853,0.5576358154328609,0.20287568367511483,0.8183107097691691,0.7464708327631006,0.7536062589513427
22.53611111111111,0.8445377382032971,0.2711298741866523,0.5380221094365112,0.3665721069108578,0.4648602137336508,0.5598938799489899,0.20344019980414707,0.8188752258982014,0.7470353488921329,0.754170775080375
22.552777777777777,0.8451022543323294,0.27338793870278133,0.5385866255655435,0.36713662303989003,0.465424729862683,0.5621519444651188,0.20400471593317931,0.8194397420272337,0.7475998650211652,0.7547352912094073
22.569444444444443,0.8456667704613617,0.27564600321891036,0.5391511416945758,0.3677011391689223,0.46598924599171526,0.5644100089812478,0.20456923206221156,0.820004258156266,0.7481643811501975,0.7552998073384396
22.586111111111112,0.846231286590394,0.2779040677350394,0.5397156578236081,0.3682656552979545,0.4665537621207475,0.5666680734973768,0.2051337481912438,0.8205687742852983,0.7487288972792298,0.7558643234674719
22.602777777777778,0.8467958027194263,0.2801621322511684,0.5402801739526404,0.36883017142698676,0.46711827824977975,0.5689261380135058,0.20569826432027605,0.8211332904143306,0.749293413408262,0.7564288395965042
22.619444444444444,0.8473603188484586,0.28242019676729746,0.5408446900816727,0.369394687556019,0.467682794378812,0.5711842025296348,0.2062627804493083,0.8216978065433629,0.7498579295372944,0.7569933557255365
22.636111111111113,0.8479248349774909,0.2846782612834265,0.541409206210705,0.36995920368505125,0.46824731050784424,0.5734422670457637,0.20682729657834054,0.8222623226723952,0.7504224456663267,0.7575578718545688
22.65277777777778,0.8484893511065232,0.2869363257995555,0.5419737223397373,0.3705237198140835,0.4688118266368765,0.5757003315618927,0.20739181270737278,0.8228268388014275,0.750986961795359,0.7581223879836011
22.669444444444444,0.8490538672355555,0.28919439031568456,0.5425382384687696,0.37108823594311574,0.4693763427659087,0.5779583960780217,0.20795632883640502,0.8233913549304598,0.7515514779243913,0.7586869041126334
22.68611111111111,0.8496183833645878,0.2914524548318136,0.5431027545978019,0.371652752072148,0.46994085889494097,0.5802164605941507,0.20852084496543727,0.8239558710594921,0.7521159940534236,0.7592514202416657
22.70277777777778,0.8501828994936201,0.2937105193479426,0.5436672707268342,0.37221726820118023,0.4705053750239732,0.5824745251102796,0.2090853610944695,0.8245203871885244,0.7526805101824559,0.759815936370698
22.719444444444445,0.8507474156226524,0.29596858386407165,0.5442317868558665,0.3727817843302125,0.47106989115300546,0.5847325896264086,0.20964987722350176,0.8250849033175567,0.7532450263114882,0.7603804524997303
22.73611111111111,0.8513119317516847,0.2982266483802007,0.5447963029848988,0.3733463004592447,0.4716344072820377,0.5869906541425376,0.210214393352534,0.825649419446589,0.7538095424405205,0.7609449686287626
22.752777777777776,0.851876447880717,0.3004847128963297,0.5453608191139311,0.37391081658827696,0.47219892341106995,0.5892487186586666,0.21077890948156625,0.8262139355756213,0.7543740585695528,0.7615094847577949
22.769444444444446,0.8524409640097493,0.30274277741245875,0.5459253352429634,0.3744753327173092,0.4727634395401022,0.5915067831747955,0.2113434256105985,0.8267784517046536,0.754938574698585,0.7620740008868272
22.78611111111111,0.8530054801387816,0.3050008419285878,0.5464898513719957,0.37503984884634145,0.47332795566913444,0.5937648476909245,0.21190794173963073,0.8273429678336859,0.7555030908276174,0.7626385170158595
22.802777777777777,0.8535699962678139,0.3072589064447168,0.547054367501028,0.3756043649753737,0.4738924717981667,0.5960229122070535,0.21247245786866298,0.8279074839627182,0.7560676069566497,0.7632030331448918
22.819444444444443,0.8541345123968462,0.30951697096084585,0.5476188836300603,0.37616888110440594,0.4744569879271989,0.5982809767231825,0.21303697399769522,0.8284720000917505,0.756632123085682,0.7637675492739241
22.836111111111112,0.8546990285258785,0.3117750354769749,0.5481833997590926,0.3767333972334382,0.47502150405623117,0.6005390412393115,0.21360149012672747,0.8290365162207828,0.7571966392147143,0.7643320654029564
22.852777777777778,0.8552635446549108,0.3140330999931039,0.5487479158881249,0.3772979133624704,0.4755860201852634,0.6027971057554404,0.2141660062557597,0.8296010323498151,0.7577611553437466,0.7648965815319887
22.869444444444444,0.8558280607839431,0.31629116450923295,0.5493124320171572,0.37786242949150267,0.47615053631429566,0.6050551702715694,0.21473052238479196,0.8301655484788474,0.7583256714727789,0.765461097661021
22.886111111111113,0.8563925769129754,0.318549229025362,0.5498769481461895,0.3784269456205349,0.4767150524433279,0.6073132347876984,0.2152950385138242,0.8307300646078797,0.7588901876018112,0.7660256137900533
22.90277777777778,0.8569570930420077,0.320807293541491,0.5504414642752218,0.37899146174956716,0.47727956857236015,0.6095712993038274,0.21585955464285644,0.831294580736912,0.7594547037308435,0.7665901299190856
22.919444444444444,0.85752160917104,0.32306535805762004,0.5510059804042541,0.3795559778785994,0.4778440847013924,0.6118293638199563,0.2164240707718887,0.8318590968659443,0.7600192198598757,0.7671546460481179
22.93611111111111,0.8580861253000723,0.3253234225737491,0.5515704965332864,0.38012049400763165,0.47840860083042464,0.6140874283360853,0.21698858690092093,0.8324236129949766,0.760583735988908,0.7677191621771502
22.95277777777778,0.8586506414291046,0.3275814870898781,0.5521350126623187,0.3806850101366639,0.4789731169594569,0.6163454928522143,0.21755310302995318,0.8329881291240089,0.7611482521179403,0.7682836783061825
22.969444444444445,0.8592151575581369,0.32983955160600714,0.552699528791351,0.38124952626569614,0.4795376330884891,0.6186035573683433,0.21811761915898542,0.8335526452530412,0.7617127682469726,0.7688481944352148
22.98611111111111,0.8597796736871692,0.3320976161221362,0.5532640449203833,0.3818140423947284,0.48010214921752137,0.6208616218844722,0.21868213528801766,0.8341171613820735,0.762277284376005,0.7694127105642471
23.002777777777776,0.8603441898162015,0.3343556806382652,0.5538285610494156,0.3823785585237606,0.4806666653465536,0.6231196864006012,0.2192466514170499,0.8346816775111058,0.7628418005050372,0.7699772266932794
23.019444444444446,0.8609087059452338,0.33661374515439424,0.5543930771784479,0.38294307465279287,0.48123118147558586,0.6253777509167302,0.21981116754608215,0.8352461936401381,0.7634063166340695,0.7705417428223117
23.03611111111111,0.8614732220742661,0.33887180967052327,0.5549575933074802,0.3835075907818251,0.4817956976046181,0.6276358154328592,0.2203756836751144,0.8358107097691704,0.7639708327631018,0.771106258951344
23.052777777777777,0.8620377382032984,0.3411298741866523,0.5555221094365125,0.38407210691085736,0.48236021373365034,0.6298938799489882,0.22094019980414664,0.8363752258982027,0.7645353488921341,0.7716707750803763
23.069444444444443,0.8626022543323307,0.34338793870278134,0.5560866255655448,0.3846366230398896,0.4829247298626826,0.6321519444651171,0.2215047159331789,0.836939742027235,0.7650998650211664,0.7722352912094086
23.086111111111112,0.863166770461363,0.34564600321891037,0.5566511416945771,0.38520113916892185,0.48348924599171483,0.6344100089812461,0.22206923206221113,0.8375042581562673,0.7656643811501987,0.7727998073384409
23.102777777777778,0.8637312865903953,0.3479040677350394,0.5572156578236094,0.3857656552979541,0.4840537621207471,0.6366680734973751,0.22263374819124337,0.8380687742852996,0.766228897279231,0.7733643234674732
23.119444444444444,0.8642958027194276,0.35016213225116843,0.5577801739526417,0.38633017142698634,0.4846182782497793,0.6389261380135041,0.22319826432027562,0.8386332904143319,0.7667934134082633,0.7739288395965055
23.136111111111113,0.8648603188484599,0.35242019676729747,0.558344690081674,0.3868946875560186,0.48518279437881157,0.641184202529633,0.22376278044930786,0.8391978065433642,0.7673579295372956,0.7744933557255378
23.15277777777778,0.8654248349774922,0.3546782612834265,0.5589092062107063,0.3874592036850508,0.4857473105078438,0.643442267045762,0.2243272965783401,0.8397623226723965,0.767922445666328,0.7750578718545701
23.169444444444444,0.8659893511065245,0.35693632579955553,0.5594737223397386,0.38802371981408307,0.48631182663687605,0.645700331561891,0.22489181270737235,0.8403268388014288,0.7684869617953602,0.7756223879836024
23.18611111111111,0.8665538672355568,0.35919439031568456,0.5600382384687709,0.3885882359431153,0.4868763427659083,0.64795839607802,0.2254563288364046,0.8408913549304611,0.7690514779243925,0.7761869041126347
23.20277777777778,0.8671183833645891,0.3614524548318136,0.5606027545978032,0.38915275207214756,0.48744085889494054,0.650216460594149,0.22602084496543684,0.8414558710594934,0.7696159940534248,0.776751420241667
23.219444444444445,0.8676828994936214,0.36371051934794263,0.5611672707268355,0.3897172682011798,0.4880053750239728,0.6524745251102779,0.22658536109446908,0.8420203871885257,0.7701805101824571,0.7773159363706993
23.23611111111111,0.8682474156226537,0.36596858386407166,0.5617317868558678,0.39028178433021204,0.48856989115300503,0.6547325896264069,0.22714987722350133,0.842584903317558,0.7707450263114894,0.7778804524997316
23.252777777777776,0.868811931751686,0.3682266483802007,0.5622963029849001,0.3908463004592443,0.4891344072820373,0.6569906541425359,0.22771439335253357,0.8431494194465903,0.7713095424405217,0.7784449686287639
23.269444444444446,0.8693764478807183,0.3704847128963297,0.5628608191139324,0.39141081658827653,0.4896989234110695,0.6592487186586649,0.22827890948156582,0.8437139355756226,0.771874058569554,0.7790094847577962
23.28611111111111,0.8699409640097506,0.37274277741245876,0.5634253352429647,0.3919753327173088,0.49026343954010176,0.6615067831747938,0.22884342561059806,0.8442784517046549,0.7724385746985863,0.7795740008868285
23.302777777777777,0.8705054801387829,0.3750008419285878,0.563989851371997,0.392539848846341,0.490827955669134,0.6637648476909228,0.2294079417396303,0.8448429678336872,0.7730030908276186,0.7801385170158608
23.319444444444443,0.8710699962678152,0.3772589064447168,0.5645543675010293,0.39310436497537327,0.49139247179816625,0.6660229122070518,0.22997245786866255,0.8454074839627195,0.7735676069566509,0.7807030331448931
23.336111111111112,0.8716345123968475,0.37951697096084586,0.5651188836300616,0.3936688811044055,0.4919569879271985,0.6682809767231808,0.2305369739976948,0.8459720000917518,0.7741321230856832,0.7812675492739254
23.352777777777778,0.8721990285258798,0.3817750354769749,0.5656833997590939,0.39423339723343775,0.49252150405623074,0.6705390412393097,0.23110149012672704,0.8465365162207841,0.7746966392147155,0.7818320654029577
23.369444444444444,0.8727635446549121,0.3840330999931039,0.5662479158881262,0.39479791336247,0.493086020185263,0.6727971057554387,0.23166600625575928,0.8471010323498164,0.7752611553437478,0.78239658153199
23.386111111111113,0.8733280607839444,0.38629116450923295,0.5668124320171585,0.39536242949150224,0.49365053631429523,0.6750551702715677,0.23223052238479153,0.8476655484788487,0.7758256714727801,0.7829610976610223
23.40277777777778,0.8738925769129767,0.388549229025362,0.5673769481461908,0.3959269456205345,0.4942150524433275,0.6773132347876967,0.23279503851382377,0.848230064607881,0.7763901876018124,0.7835256137900546
23.419444444444444,0.874457093042009,0.390807293541491,0.5679414642752231,0.39649146174956673,0.4947795685723597,0.6795712993038256,0.23335955464285602,0.8487945807369133,0.7769547037308447,0.7840901299190869
23.43611111111111,0.8750216091710413,0.39306535805762005,0.5685059804042554,0.397055977878599,0.49534408470139196,0.6818293638199546,0.23392407077188826,0.8493590968659456,0.777519219859877,0.7846546460481192
23.45277777777778,0.8755861253000736,0.3953234225737491,0.5690704965332877,0.3976204940076312,0.4959086008304242,0.6840874283360836,0.2344885869009205,0.8499236129949779,0.7780837359889093,0.7852191621771515
23.469444444444445,0.8761506414291059,0.3975814870898781,0.56963501266232,0.39818501013666346,0.49647311695945645,0.6863454928522126,0.23505310302995275,0.8504881291240102,0.7786482521179416,0.7857836783061838
23.48611111111111,0.8767151575581382,0.39983955160600715,0.5701995287913523,0.3987495262656957,0.4970376330884887,0.6886035573683416,0.235617619158985,0.8510526452530425,0.7792127682469739,0.7863481944352161
23.502777777777776,0.8772796736871705,0.4020976161221362,0.5707640449203846,0.39931404239472795,0.49760214921752094,0.6908616218844705,0.23618213528801724,0.8516171613820748,0.7797772843760062,0.7869127105642484
23.519444444444446,0.8778441898162028,0.4043556806382652,0.5713285610494169,0.3998785585237602,0.4981666653465532,0.6931196864005995,0.23674665141704948,0.8521816775111071,0.7803418005050385,0.7874772266932807
23.53611111111111,0.8784087059452351,0.40661374515439425,0.5718930771784492,0.40044307465279244,0.49873118147558543,0.6953777509167285,0.23731116754608172,0.8527461936401394,0.7809063166340708,0.788041742822313
23.552777777777777,0.8789732220742674,0.4088718096705233,0.5724575933074815,0.4010075907818247,0.49929569760461767,0.6976358154328575,0.23787568367511397,0.8533107097691717,0.7814708327631031,0.7886062589513453
23.569444444444443,0.8795377382032997,0.4111298741866523,0.5730221094365138,0.40157210691085693,0.4998602137336499,0.6998938799489864,0.2384401998041462,0.853875225898204,0.7820353488921354,0.7891707750803776
23.586111111111112,0.880102254332332,0.41338793870278134,0.5735866255655461,0.4021366230398892,0.5004247298626822,0.7021519444651154,0.23900471593317846,0.8544397420272363,0.7825998650211677,0.7897352912094099
23.602777777777778,0.8806667704613643,0.4156460032189104,0.5741511416945784,0.4027011391689214,0.5009892459917145,0.7044100089812444,0.2395692320622107,0.8550042581562686,0.7831643811502,0.7902998073384422
23.619444444444444,0.8812312865903966,0.4179040677350394,0.5747156578236107,0.40326565529795366,0.5015537621207468,0.7066680734973734,0.24013374819124295,0.8555687742853009,0.7837288972792323,0.7908643234674745
23.636111111111113,0.8817958027194289,0.42016213225116844,0.575280173952643,0.4038301714269859,0.5021182782497791,0.7089261380135023,0.2406982643202752,0.8561332904143332,0.7842934134082646,0.7914288395965068
23.65277777777778,0.8823603188484612,0.4224201967672975,0.5758446900816753,0.40439468755601815,0.5026827943788114,0.7111842025296313,0.24126278044930743,0.8566978065433655,0.7848579295372969,0.7919933557255391
23.669444444444444,0.8829248349774935,0.4246782612834265,0.5764092062107076,0.4049592036850504,0.5032473105078437,0.7134422670457603,0.24182729657833968,0.8572623226723978,0.7854224456663292,0.7925578718545714
23.68611111111111,0.8834893511065258,0.42693632579955554,0.5769737223397399,0.40552371981408264,0.503811826636876,0.7157003315618893,0.24239181270737192,0.8578268388014301,0.7859869617953615,0.7931223879836037
23.70277777777778,0.8840538672355581,0.42919439031568457,0.5775382384687722,0.4060882359431149,0.5043763427659083,0.7179583960780183,0.24295632883640417,0.8583913549304624,0.7865514779243938,0.793686904112636
23.719444444444445,0.8846183833645904,0.4314524548318136,0.5781027545978045,0.40665275207214713,0.5049408588949406,0.7202164605941472,0.2435208449654364,0.8589558710594947,0.7871159940534261,0.7942514202416683
23.73611111111111,0.8851828994936227,0.43371051934794264,0.5786672707268368,0.40721726820117937,0.5055053750239729,0.7224745251102762,0.24408536109446866,0.859520387188527,0.7876805101824584,0.7948159363707006
23.752777777777776,0.885747415622655,0.43596858386407167,0.5792317868558691,0.4077817843302116,0.5060698911530052,0.7247325896264052,0.2446498772235009,0.8600849033175593,0.7882450263114907,0.7953804524997329
23.769444444444446,0.8863119317516873,0.4382266483802007,0.5797963029849014,0.40834630045924386,0.5066344072820375,0.7269906541425342,0.24521439335253314,0.8606494194465916,0.788809542440523,0.7959449686287652
23.78611111111111,0.8868764478807196,0.44048471289632973,0.5803608191139337,0.4089108165882761,0.5071989234110698,0.7292487186586631,0.2457789094815654,0.8612139355756239,0.7893740585695553,0.7965094847577975
23.802777777777777,0.8874409640097519,0.44274277741245877,0.580925335242966,0.40947533271730835,0.5077634395401021,0.7315067831747921,0.24634342561059763,0.8617784517046562,0.7899385746985876,0.7970740008868298
23.819444444444443,0.8880054801387842,0.4450008419285878,0.5814898513719983,0.4100398488463406,0.5083279556691344,0.7337648476909211,0.24690794173962988,0.8623429678336885,0.7905030908276199,0.7976385170158621
23.836111111111112,0.8885699962678165,0.44725890644471683,0.5820543675010306,0.41060436497537284,0.5088924717981667,0.7360229122070501,0.24747245786866212,0.8629074839627208,0.7910676069566522,0.7982030331448944
23.852777777777778,0.8891345123968488,0.44951697096084586,0.5826188836300629,0.4111688811044051,0.509456987927199,0.738280976723179,0.24803697399769437,0.8634720000917531,0.7916321230856845,0.7987675492739267
23.869444444444444,0.8896990285258811,0.4517750354769749,0.5831833997590952,0.4117333972334373,0.5100215040562313,0.740539041239308,0.2486014901267266,0.8640365162207854,0.7921966392147168,0.799332065402959
23.886111111111113,0.8902635446549134,0.45403309999310393,0.5837479158881275,0.41229791336246957,0.5105860201852636,0.742797105755437,0.24916600625575885,0.8646010323498177,0.7927611553437491,0.7998965815319913
23.90277777777778,0.8908280607839457,0.45629116450923296,0.5843124320171598,0.4128624294915018,0.5111505363142959,0.745055170271566,0.2497305223847911,0.86516554847885,0.7933256714727814,0.8004610976610236
23.919444444444444,0.891392576912978,0.458549229025362,0.5848769481461921,0.41342694562053406,0.5117150524433282,0.747313234787695,0.25029503851382334,0.8657300646078823,0.7938901876018137,0.8010256137900559
23.93611111111111,0.8919570930420103,0.460807293541491,0.5854414642752244,0.4139914617495663,0.5122795685723605,0.7495712993038239,0.2508595546428556,0.8662945807369146,0.794454703730846,0.8015901299190882
23.95277777777778,0.8925216091710426,0.46306535805762006,0.5860059804042567,0.41455597787859855,0.5128440847013928,0.7518293638199529,0.25142407077188783,0.8668590968659469,0.7950192198598783,0.8021546460481205
23.969444444444445,0.8930861253000749,0.4653234225737491,0.586570496533289,0.4151204940076308,0.513408600830425,0.7540874283360819,0.2519885869009201,0.8674236129949792,0.7955837359889106,0.8027191621771528
23.98611111111111,0.8936506414291072,0.4675814870898781,0.5871350126623213,0.41568501013666304,0.5139731169594574,0.7563454928522109,0.2525531030299523,0.8679881291240115,0.7961482521179429,0.8032836783061851
24.002777777777776,0.8942151575581395,0.46983955160600716,0.5876995287913536,0.4162495262656953,0.5145376330884897,0.7586035573683398,0.25311761915898456,0.8685526452530438,0.7967127682469752,0.8038481944352174
